	b.mean	b.std	a.mean	a.std
AHR_-_17338164.23-P1P2	-0.341105345846	0.0388910673199	-0.341105345846	0.0388910673199
AHR_-_17338168.23-P1P2	-0.326610479997	0.039763928562	-0.326610479997	0.039763928562
ARID1A_+_27022167.23-P1P2	-0.421941529504	0.0407806827466	-0.421941529504	0.0407806827466
ARID1A_-_27022243.23-P1P2	-0.216281994266	0.0190413378011	-0.216281994266	0.0190413378011
ARRDC3_+_90679525.23-P1P2	-0.0987880937372	0.0201515520299	-0.0987880937372	0.0201515520299
ARRDC3_-_90679309.23-P1P2	-0.153685044311	0.0204821260345	-0.153685044311	0.0204821260345
ATL1_+_50999374.23-P1P2	-0.471778921927	0.0358914489467	-0.471778921927	0.0358914489467
ATL1_-_50999367.23-P1P2	-0.380075771343	0.0294147611923	-0.380075771343	0.0294147611923
BAK1_+_33548177.23-P1P2	-0.405053757039	0.0527515959184	-0.405053757039	0.0527515959184
BAK1_-_33548176.23-P1P2	-0.426757678401	0.0403760755813	-0.426757678401	0.0403760755813
BCL2L11_+_111878321.23-P1	-0.14810644681	0.0328883523475	-0.14810644681	0.0328883523475
BCL2L11_-_111878313.23-P1	-0.0698629948442	0.02519895261	-0.0698629948442	0.02519895261
BCORL1_+_129116278.23-P1P2	-0.0120881768358	0.0143635650385	-0.0120881768358	0.0143635650385
BCORL1_+_129116290.23-P1P2	-0.0941165148677	0.0259705581946	-0.0941165148677	0.0259705581946
BCR_-_23522065.23-P1P2	-0.0392285809296	0.0292958294541	-0.0392285809296	0.0292958294541
BCR_-_23522198.23-P1P2	0.0360747855027	0.0154825607556	0.0360747855027	0.0154825607556
BPGM_+_134331304.23-P1P2	-0.0989743361728	0.012665864425	-0.0989743361728	0.012665864425
BPGM_+_134331476.23-P1P2	-0.13989500571	0.021714244989	-0.13989500571	0.021714244989
C19orf26_+_1238161.23-P1P2	-0.167518640795	0.0141011668787	-0.167518640795	0.0141011668787
C19orf26_+_1238358.23-P1P2	-0.0835255258247	0.0246643962963	-0.0835255258247	0.0246643962963
C3orf72_-_138665928.23-P1P2	-0.486991614889	0.0388848397583	-0.486991614889	0.0388848397583
C3orf72_-_138665944.23-P1P2	-0.555234286598	0.0453345906288	-0.555234286598	0.0453345906288
CBFA2T3_+_89043662.23-P2	-0.188949933132	0.0337415767153	-0.188949933132	0.0337415767153
CBFA2T3_+_89043673.23-P2	-0.139265268673	0.0172837606303	-0.139265268673	0.0172837606303
CBL_+_119076546.23-P1P2	-0.121137454109	0.0154242227579	-0.121137454109	0.0154242227579
CBL_-_119076622.23-P1P2	-0.124324994791	0.0228054837229	-0.124324994791	0.0228054837229
CDKN1A_+_36646320.23-P1P2	-0.294536278226	0.0254066875322	-0.294536278226	0.0254066875322
CDKN1A_-_36646141.23-P1P2	-0.171500263625	0.015825330876	-0.171500263625	0.015825330876
CDKN1B_+_12869867.23-P1P2	-0.276541733882	0.0345403716885	-0.276541733882	0.0345403716885
CDKN1B_-_12869956.23-P1P2	-0.252422642947	0.0385900491313	-0.252422642947	0.0385900491313
CDKN1C_-_2907198.23-P1P2	-0.412538552877	0.0357961638284	-0.412538552877	0.0357961638284
CDKN1C_-_2907316.23-P1P2	-0.245360623623	0.0333388549247	-0.245360623623	0.0333388549247
CEBPA_+_33793624.23-P1P2	-0.596125102396	0.0494671915327	-0.596125102396	0.0494671915327
CEBPB_+_48807216.23-P1P2	-0.472576418819	0.0416955072427	-0.472576418819	0.0416955072427
CEBPB_-_48807249.23-P1P2	-0.16211769419	0.0410246859139	-0.16211769419	0.0410246859139
CEBPE_+_23588994.23-P1P2	-0.516069654398	0.0329496947271	-0.516069654398	0.0329496947271
CEBPE_-_23589034.23-P1P2	-0.319028788746	0.0256862080723	-0.319028788746	0.0256862080723
CELF2_+_11059740.23-P1P2	-0.14144806089	0.0459927702135	-0.14144806089	0.0459927702135
CELF2_+_11206754.23-P1P2	-0.00472624558559	0.0159638149557	-0.00472624558559	0.0159638149557
CITED1_+_71526082.23-P1	-0.351008051553	0.044527021247	-0.351008051553	0.044527021247
CITED1_-_71526062.23-P1	-0.0474123184346	0.0251758168866	-0.0474123184346	0.0251758168866
CKS1B_-_61808483.23-ENST00000600888.1	-0.163053877835	0.0298253117757	-0.163053877835	0.0298253117757
CLDN6_-_3068282.23-P1P2	-0.30538747999	0.0336885142224	-0.30538747999	0.0336885142224
CLDN6_-_3068298.23-P1P2	-0.21376759049	0.038439737494	-0.21376759049	0.038439737494
CNN1_+_11649447.23-P1	-0.096262612475	0.0372945536915	-0.096262612475	0.0372945536915
CNN1_-_11649410.23-P1	-0.100050076379	0.0284955272208	-0.100050076379	0.0284955272208
CNNM4_-_97426363.23-P1P2	-0.170595760315	0.0191759712697	-0.170595760315	0.0191759712697
CNNM4_-_97426428.23-P1P2	-0.102460591775	0.0175186460068	-0.102460591775	0.0175186460068
COL1A1_-_48279241.23-P1P2	-0.393076063693	0.0376562579187	-0.393076063693	0.0376562579187
COL2A1_+_48398427.23-P1P2	-0.366515079665	0.0295804561281	-0.366515079665	0.0295804561281
COL2A1_+_48398512.23-P1P2	-0.339229231602	0.0253630309545	-0.339229231602	0.0253630309545
CSRNP1_+_39196217.23-P1P2	0.0983753017493	0.0110940436188	0.0983753017493	0.0110940436188
CSRNP1_-_39196126.23-P1P2	0.0913575422445	0.0162035592382	0.0913575422445	0.0162035592382
DLX2_-_172967775.23-P1P2	-0.136340892922	0.0173949447638	-0.136340892922	0.0173949447638
DLX2_-_172967845.23-P1P2	-0.266288009215	0.0280696608927	-0.266288009215	0.0280696608927
DUSP9_+_152912501.23-P1	-0.346648785335	0.0238117866254	-0.346648785335	0.0238117866254
DUSP9_+_152912564.23-P1	-0.33711914413	0.0181245415944	-0.33711914413	0.0181245415944
EGR1_+_137800818.23-P1	-0.179234434964	0.0196735379804	-0.179234434964	0.0196735379804
EGR1_-_137801018.23-P1	-0.0661978935985	0.0205271938185	-0.0661978935985	0.0205271938185
ELMSAN1_+_74227119.23-P1	0.0337732473768	0.0117964307321	0.0337732473768	0.0117964307321
ELMSAN1_-_74227099.23-P1	0.0480401499078	0.0102393501377	0.0480401499078	0.0102393501377
ETS2_+_40177604.23-P1P2	-0.143656882762	0.0208560624294	-0.143656882762	0.0208560624294
ETS2_-_40177491.23-P1P2	-0.103825171376	0.0201040795456	-0.103825171376	0.0201040795456
FEV_+_219850595.23-P1P2	-0.173822676844	0.0221811882058	-0.173822676844	0.0221811882058
FOSB_+_45971009.23-P1	-0.153325258906	0.0405893535807	-0.153325258906	0.0405893535807
FOSB_-_45971150.23-P1	-0.142176117271	0.0213090151803	-0.142176117271	0.0213090151803
FOXA1_-_38064459.23-P1P2	-0.187805615524	0.0237188036154	-0.187805615524	0.0237188036154
FOXA1_-_38064583.23-P1P2	-0.28570196735	0.0401488733957	-0.28570196735	0.0401488733957
FOXA3_+_46367435.23-P1P2	-0.36345681949	0.0421341353136	-0.36345681949	0.0421341353136
FOXA3_-_46367354.23-P1P2	-0.120425717819	0.0203827444527	-0.120425717819	0.0203827444527
FOXF1_+_86544016.23-P1P2	-0.330918613205	0.0200119416156	-0.330918613205	0.0200119416156
FOXF1_-_86543821.23-P1P2	-0.107794673564	0.0224425057626	-0.107794673564	0.0224425057626
FOXL2_+_138666046.23-P1P2	-0.388059161513	0.0457566840857	-0.388059161513	0.0457566840857
FOXL2_+_138666114.23-P1P2	-0.136295553796	0.020349618933	-0.136295553796	0.020349618933
FOXO4_-_70315829.23-P1P2	-0.4302892581	0.0277318598007	-0.4302892581	0.0277318598007
FOXO4_-_70315963.23-P1P2	-0.446984228237	0.0247786617948	-0.446984228237	0.0247786617948
GCH1_-_55369782.23-P1P2	0.0413393968369	0.0134535071865	0.0413393968369	0.0134535071865
GCH1_-_55369897.23-P1P2	0.0113779306136	0.0177938547011	0.0113779306136	0.0177938547011
GLB1L2_+_134201608.23-P1P2	-0.0142777316066	0.0157493309052	-0.0142777316066	0.0157493309052
GLB1L2_+_134201679.23-P1P2	-0.130577892796	0.0317408272224	-0.130577892796	0.0317408272224
HES7_-_8027539.23-P1P2	-0.479597640481	0.0331451744863	-0.479597640481	0.0331451744863
HK2_+_75060993.23-P1P2	-0.0958712316976	0.0137185613859	-0.0958712316976	0.0137185613859
HK2_+_75061007.23-P1P2	-0.0860935453547	0.0102333357767	-0.0860935453547	0.0102333357767
HNF4A_+_43029788.23-P1P2	-0.450459496825	0.0294470065487	-0.450459496825	0.0294470065487
HNF4A_-_43029858.23-P1P2	-0.30208981546	0.0395212523778	-0.30208981546	0.0395212523778
HOXA13_+_27239889.23-P1P2	-0.644087783606	0.050006152058	-0.644087783606	0.050006152058
HOXA13_+_27240051.23-P1P2	-0.438491185114	0.0431878690045	-0.438491185114	0.0431878690045
HOXB9_+_46704211.23-P1P2	-0.22895854291	0.0346116898581	-0.22895854291	0.0346116898581
HOXB9_-_46704088.23-P1P2	-0.109810720377	0.0317068370331	-0.109810720377	0.0317068370331
HOXC13_+_54332230.23-P1P2	-0.521485432328	0.0239305089862	-0.521485432328	0.0239305089862
HOXC13_-_54332182.23-P1P2	-0.426804634213	0.0373877084951	-0.426804634213	0.0373877084951
IER5L_+_131940706.23-P1P2	-0.34703620857	0.0233826483266	-0.34703620857	0.0233826483266
IER5L_+_131940785.23-P1P2	-0.345332351012	0.0301246906358	-0.345332351012	0.0301246906358
IGDCC3_+_65670566.23-P1P2	-0.309278131553	0.0359628045702	-0.309278131553	0.0359628045702
IGDCC3_-_65670556.23-P1P2	-0.252433073821	0.0250372560159	-0.252433073821	0.0250372560159
IKZF3_-_38020553.23-P1P2	-0.410039761212	0.0205007422513	-0.410039761212	0.0205007422513
IKZF3_-_38020571.23-P1P2	-0.488949134861	0.0293463400642	-0.488949134861	0.0293463400642
IRF1_+_131826642.23-P1P2	-0.217514109002	0.0373462279226	-0.217514109002	0.0373462279226
IRF1_-_131826619.23-P1P2	-0.0461493169989	0.0208148045069	-0.0461493169989	0.0208148045069
ISL2_-_76628853.23-P1P2	-0.136452498732	0.0213012767716	-0.136452498732	0.0213012767716
JUN_+_59249990.23-P1P2	-0.358258381894	0.0283493891583	-0.358258381894	0.0283493891583
JUN_-_59249929.23-P1P2	-0.178477002395	0.0192464754564	-0.178477002395	0.0192464754564
KIAA1804_-_233463315.23-P1P2	-0.322617588852	0.0276660521754	-0.322617588852	0.0276660521754
KIAA1804_-_233463431.23-P1P2	-0.240921564472	0.0330556536351	-0.240921564472	0.0330556536351
KIF18B_-_43025293.23-P1P2	-0.238559243888	0.0148016233091	-0.238559243888	0.0148016233091
KIF18B_-_43025338.23-P1P2	-0.20682450888	0.039539475989	-0.20682450888	0.039539475989
KIF2C_-_45205402.23-P1P2	-0.155285678378	0.0262314312053	-0.155285678378	0.0262314312053
KIF2C_-_45205435.23-P1P2	-0.0508863846333	0.0132529273447	-0.0508863846333	0.0132529273447
KLF1_+_12998353.23-P1P2	0.163040120208	0.00472200927109	0.163040120208	0.00472200927109
KLF1_-_12998104.23-P1P2	0.138411453619	0.0174729846239	0.138411453619	0.0174729846239
KMT2A_+_118306901.23-P1P2	-0.101558755889	0.0180815132939	-0.101558755889	0.0180815132939
KMT2A_+_118306992.23-P1P2	-0.0675759798516	0.017789041357	-0.0675759798516	0.017789041357
LHX1_+_35293939.23-P1P2	-0.18357241922	0.0187080577375	-0.18357241922	0.0187080577375
LHX1_+_35293972.23-P1P2	-0.214518654868	0.0267335271927	-0.214518654868	0.0267335271927
LYL1_+_13213738.23-P1P2	-0.057502915232	0.00938606301131	-0.057502915232	0.00938606301131
LYL1_-_13213808.23-P1P2	-0.0962861258802	0.019814049074	-0.0962861258802	0.019814049074
MAML2_-_96076499.23-P1P2	0.0634023620367	0.0124452585779	0.0634023620367	0.0124452585779
MAML2_-_96076530.23-P1P2	0.0670876552499	0.0127609319428	0.0670876552499	0.0127609319428
MAP2K3_-_21187851.23-P1P2	0.0173911351665	0.0222737144149	0.0173911351665	0.0222737144149
MAP2K3_-_21187855.23-P1P2	0.12628718425	0.0101440780119	0.12628718425	0.0101440780119
MAP2K6_+_67410733.23-P1P2	0.065314194553	0.0111586244613	0.065314194553	0.0111586244613
MAP2K6_+_67410755.23-P1P2	0.0996740994307	0.0105522581495	0.0996740994307	0.0105522581495
MAP4K3_+_39664622.23-P1P2	-0.0762179999683	0.0133060866289	-0.0762179999683	0.0133060866289
MAP4K5_-_50999552.23-P1P2	-0.102383483419	0.0248536116743	-0.102383483419	0.0248536116743
MAP4K5_-_50999632.23-P1P2	-0.0716686997408	0.0221015174595	-0.0716686997408	0.0221015174595
MAP7D1_+_36621448.23-P1P2	-0.0955259167065	0.018213471749	-0.0955259167065	0.018213471749
MAP7D1_+_36621468.23-P1P2	-0.118223874531	0.0185919829599	-0.118223874531	0.0185919829599
MAPK1_+_22222272.23-P1P2	-0.204609935039	0.0266182851012	-0.204609935039	0.0266182851012
MAPK1_-_22222117.23-P1P2	-0.0117997205194	0.0204554666093	-0.0117997205194	0.0204554666093
MCOLN3_-_85514289.23-P1P2	-0.0301240512194	0.0163976530241	-0.0301240512194	0.0163976530241
MCOLN3_-_85514516.23-P1P2	-0.00619972553232	0.0166955309519	-0.00619972553232	0.0166955309519
MEIS1_+_66662147.23-P1P2	-0.128778419992	0.0249225774115	-0.128778419992	0.0249225774115
MEIS1_+_66662171.23-P1P2	-0.127089414729	0.0230572719601	-0.127089414729	0.0230572719601
MIDN_+_1248189.23-P2	-0.203613822958	0.0215880826937	-0.203613822958	0.0215880826937
MIDN_-_1248372.23-P2	-0.344694251417	0.0439400604762	-0.344694251417	0.0439400604762
NCL_-_232329542.23-P1	-0.0933589131875	0.0204174055176	-0.0933589131875	0.0204174055176
NCL_-_232329555.23-P1	-0.0960487419958	0.0242831115098	-0.0960487419958	0.0242831115098
NIT1_+_161087777.23-P1P2	-0.29660838237	0.0598284038241	-0.29660838237	0.0598284038241
NIT1_+_161087799.23-P1P2	-0.587096767555	0.0426582931866	-0.587096767555	0.0426582931866
OSR2_-_99956563.23-P1P2	-0.0629620206943	0.0145651596152	-0.0629620206943	0.0145651596152
OSR2_-_99956605.23-P1P2	-0.213415107076	0.0544002833768	-0.213415107076	0.0544002833768
PEG10_+_94285426.23-P1	-0.0947538698229	0.0159897497331	-0.0947538698229	0.0159897497331
PIK3CB_+_138553654.23-P1P2	-0.0254131381709	0.0162829526177	-0.0254131381709	0.0162829526177
PLEKHO2_+_65133841.23-P1P2	-0.419031963288	0.0400896004121	-0.419031963288	0.0400896004121
PLEKHO2_+_65133906.23-P1P2	-0.200462227315	0.0489054689194	-0.200462227315	0.0489054689194
PLK4_+_128801906.23-P1P2	-0.203852191116	0.0438036634677	-0.203852191116	0.0438036634677
PLK4_-_128801714.23-P1P2	-0.0463882659225	0.0142115355064	-0.0463882659225	0.0142115355064
POU3F2_-_99282213.23-P1P2	-0.219795934291	0.0195167402751	-0.219795934291	0.0195167402751
POU3F2_-_99282242.23-P1P2	-0.189313486958	0.0193328386342	-0.189313486958	0.0193328386342
PRDM1_-_106534082.23-P1P2	-0.427488093173	0.0201734916732	-0.427488093173	0.0201734916732
PRDM1_-_106534101.23-P1P2	-0.500923312085	0.0372354315575	-0.500923312085	0.0372354315575
PRTG_+_56035430.23-P1P2	-0.398044712471	0.0266988637745	-0.398044712471	0.0266988637745
PRTG_-_56035322.23-P1P2	-0.224891056775	0.0325305861168	-0.224891056775	0.0325305861168
PTPN12_-_77166401.23-P1P2	-0.05672135277	0.0169547073466	-0.05672135277	0.0169547073466
PTPN12_-_77166524.23-P1P2	-0.0831647957381	0.0116383262019	-0.0831647957381	0.0116383262019
PTPN13_+_87556134.23-P1P2	-0.00875583853944	0.0119824397205	-0.00875583853944	0.0119824397205
PTPN13_-_87515370.23-P1P2	-0.341789443252	0.0409582163629	-0.341789443252	0.0409582163629
PTPN1_-_49126654.23-P1P2	-0.330219333938	0.0300144559825	-0.330219333938	0.0300144559825
PTPN1_-_49126776.23-P1P2	-0.206036470179	0.0181380692697	-0.206036470179	0.0181380692697
PTPN9_-_75871727.23-P1P2	-0.0729239752859	0.0209022629997	-0.0729239752859	0.0209022629997
PTPN9_-_75871826.23-P1P2	-0.114181454403	0.0139410518385	-0.114181454403	0.0139410518385
RHOXF2_+_119292271.23-ENST00000371388.3	-0.324261490877	0.0455480760734	-0.324261490877	0.0455480760734
RHOXF2_+_119292286.23-ENST00000371388.3	-0.406047750809	0.0384261186934	-0.406047750809	0.0384261186934
RREB1_+_7107827.23-P1P2	-0.14265378836	0.024549289173	-0.14265378836	0.024549289173
RREB1_+_7107890.23-P1P2	-0.284648717452	0.0403494282488	-0.284648717452	0.0403494282488
RUNX1T1_+_93115566.23-P2	-0.0611010849414	0.0108267214839	-0.0611010849414	0.0108267214839
RUNX1T1_+_93115606.23-P2	-0.0698173901565	0.0134562324909	-0.0698173901565	0.0134562324909
S1PR2_+_10342062.23-P1P2	-0.190925319606	0.0460176909823	-0.190925319606	0.0460176909823
S1PR2_+_10342094.23-P1P2	-0.145048852938	0.0124781679329	-0.145048852938	0.0124781679329
SAMD1_+_14201604.23-P1P2	-0.188627154891	0.0155142860568	-0.188627154891	0.0155142860568
SAMD1_+_14201736.23-P1P2	-0.310700363434	0.0337070464531	-0.310700363434	0.0337070464531
SET_+_131451355.23-P1P2	-0.241022453303	0.0377986015483	-0.241022453303	0.0377986015483
SET_-_131451279.23-P1P2	-0.12383012569	0.0179126100834	-0.12383012569	0.0179126100834
SGK1_+_134496352.23-P1	-0.028750011477	0.013357149031	-0.028750011477	0.013357149031
SGK1_-_134496214.23-P1	-0.222865963822	0.035931238476	-0.222865963822	0.035931238476
SLC38A2_+_46766709.23-P1P2	0.0283467076751	0.00785383333572	0.0283467076751	0.00785383333572
SLC38A2_+_46766743.23-P1P2	0.0260288217766	0.0141099489257	0.0260288217766	0.0141099489257
SLC4A1_+_42345604.23-P1P2	-0.48948500511	0.0380305049543	-0.48948500511	0.0380305049543
SLC4A1_+_42345700.23-P1P2	-0.339692586983	0.0248400307079	-0.339692586983	0.0248400307079
SLC6A9_+_44497266.23-P1P2	-0.0578613436029	0.0233365756675	-0.0578613436029	0.0233365756675
SLC6A9_+_44497273.23-P1P2	-0.0485662323361	0.014082743936	-0.0485662323361	0.014082743936
SNAI1_+_48599338.23-P1P2	-0.333953179884	0.0263925293278	-0.333953179884	0.0263925293278
SPI1_+_47400397.23-P1P2	-0.479288528272	0.0403714301887	-0.479288528272	0.0403714301887
SPI1_+_47400477.23-P1P2	-0.44321810143	0.0343696549382	-0.44321810143	0.0343696549382
STIL_-_47779900.23-P1P2	-0.119888426444	0.0410997748596	-0.119888426444	0.0410997748596
STIL_-_47780136.23-P1P2	-0.365089177778	0.0315362158938	-0.365089177778	0.0315362158938
TBX2_+_59476912.23-P1P2	0.0225547175284	0.0108341629799	0.0225547175284	0.0108341629799
TBX2_+_59477100.23-P1P2	-0.118758879413	0.0280425581862	-0.118758879413	0.0280425581862
TBX3_+_115122163.23-P1P2	-0.0293543912472	0.0122776889962	-0.0293543912472	0.0122776889962
TBX3_-_115122232.23-P1P2	-0.150241542727	0.0286997943466	-0.150241542727	0.0286997943466
TGFBR2_-_30647895.23-P1P2	-0.034065815879	0.0201885877491	-0.034065815879	0.0201885877491
TGFBR2_-_30647920.23-P1P2	-0.0562450703408	0.0153541724388	-0.0562450703408	0.0153541724388
TMEM173_+_138862463.23-P1P2	-0.0240755200103	0.0197677402712	-0.0240755200103	0.0197677402712
TMEM173_-_138862534.23-P1P2	0.00233399851283	0.0209525524952	0.00233399851283	0.0209525524952
TMSB4X_+_12993106.23-P1	-0.0483021019124	0.0128131334055	-0.0483021019124	0.0128131334055
TMSB4X_+_12993114.23-P1	-0.0367479251029	0.0134948268258	-0.0367479251029	0.0134948268258
TP73_+_3568744.23-P1P2	-0.597110716046	0.0313489563852	-0.597110716046	0.0313489563852
TSC22D1_-_45011354.23-P1P2	-0.0962957245917	0.0198017286174	-0.0962957245917	0.0198017286174
TSC22D1_-_45011365.23-P1P2	-0.0718192385231	0.0121681276347	-0.0718192385231	0.0121681276347
UBASH3A_+_43823772.23-P1P2	-0.0952702261313	0.0201828236671	-0.0952702261313	0.0201828236671
UBASH3A_-_43823838.23-P1P2	-0.0672004788845	0.0233244058121	-0.0672004788845	0.0233244058121
UBASH3B_+_122526277.23-P1P2	-0.10786954127	0.0168019619891	-0.10786954127	0.0168019619891
UBASH3B_-_122526266.23-P1P2	-0.11687033251	0.0191562121693	-0.11687033251	0.0191562121693
ZBTB10_+_81398318.23-P1P2	-0.512396295937	0.0294815872334	-0.512396295937	0.0294815872334
ZBTB10_-_81398128.23-P1P2	-0.332401989044	0.0189155082531	-0.332401989044	0.0189155082531
ZBTB1_+_64970303.23-P1P2	-0.204565386538	0.0368867654893	-0.204565386538	0.0368867654893
ZBTB1_-_64971139.23-P1P2	-0.0964279743287	0.0172277960463	-0.0964279743287	0.0172277960463
ZBTB25_-_64971433.23-P1P2	-0.0212946095439	0.0115458469003	-0.0212946095439	0.0115458469003
ZBTB25_-_64971449.23-P1P2	-0.107415415163	0.0182387479369	-0.107415415163	0.0182387479369
ZC3HAV1_+_138794557.23-P1P2	0.0924757727072	0.0132208201834	0.0924757727072	0.0132208201834
ZC3HAV1_+_138794578.23-P1P2	0.124380047193	0.00739492344498	0.124380047193	0.00739492344498
ZNF318_+_43337335.23-P1P2	-0.0625283970023	0.0226397605836	-0.0625283970023	0.0226397605836
ZNF318_-_43337365.23-P1P2	-0.0278567872476	0.0185361430745	-0.0278567872476	0.0185361430745
negative_control_0	0.00238084056131	0.0181562136247	0.00238084056131	0.0181562136247
negative_control_1	-0.000281342195392	0.0126792870286	-0.000281342195392	0.0126792870286
negative_control_10	-0.00236083760155	0.0154781471641	-0.00236083760155	0.0154781471641
negative_control_11	0.00117230914203	0.0184628173065	0.00117230914203	0.0184628173065
negative_control_12	-0.00469556101959	0.0143091637163	-0.00469556101959	0.0143091637163
negative_control_13	0.00734134797005	0.0168899762796	0.00734134797005	0.0168899762796
negative_control_14	-0.0121133452094	0.0150654117336	-0.0121133452094	0.0150654117336
negative_control_15	-0.0012106444044	0.0149181443094	-0.0012106444044	0.0149181443094
negative_control_2	0.00398363630826	0.0178480089259	0.00398363630826	0.0178480089259
negative_control_3	-0.0399814444483	0.0210786695477	-0.0399814444483	0.0210786695477
negative_control_4	0.000464926028258	0.0143082187069	0.000464926028258	0.0143082187069
negative_control_6	0.00395929894828	0.0142524418854	0.00395929894828	0.0142524418854
negative_control_7	0.0323019348509	0.014547390532	0.0323019348509	0.014547390532
negative_control_8	0.00601533885268	0.015187057653	0.00601533885268	0.015187057653
negative_control_9	0.000401826349876	0.0187477229966	0.000401826349876	0.0187477229966
