	b.mean	b.std	a.mean	a.std
AHR_-_17338164.23-P1P2	-0.334633011832	0.0525913724016	-0.334633011832	0.0525913724016
AHR_-_17338168.23-P1P2	-0.314756502953	0.0443516767345	-0.314756502953	0.0443516767345
ARID1A_+_27022167.23-P1P2	-0.42399640278	0.0489285376459	-0.42399640278	0.0489285376459
ARID1A_-_27022243.23-P1P2	-0.209550202058	0.0224896951785	-0.209550202058	0.0224896951785
ARRDC3_+_90679525.23-P1P2	-0.0953463945841	0.0234026658659	-0.0953463945841	0.0234026658659
ARRDC3_-_90679309.23-P1P2	-0.135694570096	0.0251080461498	-0.135694570096	0.0251080461498
ATL1_+_50999374.23-P1P2	-0.484729907497	0.0489802562289	-0.484729907497	0.0489802562289
ATL1_-_50999367.23-P1P2	-0.383438324463	0.0414630246317	-0.383438324463	0.0414630246317
BAK1_+_33548177.23-P1P2	-0.43510074226	0.0612302173011	-0.43510074226	0.0612302173011
BAK1_-_33548176.23-P1P2	-0.445299579802	0.0505068106424	-0.445299579802	0.0505068106424
BCL2L11_+_111878321.23-P1	-0.153801353713	0.0323886409837	-0.153801353713	0.0323886409837
BCL2L11_-_111878313.23-P1	-0.072917738155	0.0287445018391	-0.072917738155	0.0287445018391
BCORL1_+_129116278.23-P1P2	0.00134611802455	0.0172800961473	0.00134611802455	0.0172800961473
BCORL1_+_129116290.23-P1P2	-0.0891962874892	0.030994783947	-0.0891962874892	0.030994783947
BCR_-_23522065.23-P1P2	-0.048115512721	0.029166962201	-0.048115512721	0.029166962201
BCR_-_23522198.23-P1P2	0.0305293620208	0.0137412319113	0.0305293620208	0.0137412319113
BPGM_+_134331304.23-P1P2	-0.0966534886019	0.0156448215252	-0.0966534886019	0.0156448215252
BPGM_+_134331476.23-P1P2	-0.140655259493	0.022500771835	-0.140655259493	0.022500771835
C19orf26_+_1238161.23-P1P2	-0.174981984086	0.017224514237	-0.174981984086	0.017224514237
C19orf26_+_1238358.23-P1P2	-0.082819038864	0.025405366859	-0.082819038864	0.025405366859
C3orf72_-_138665928.23-P1P2	-0.514754193832	0.0511619319884	-0.514754193832	0.0511619319884
C3orf72_-_138665944.23-P1P2	-0.580250941051	0.0690177802837	-0.580250941051	0.0690177802837
CBFA2T3_+_89043662.23-P2	-0.188057322523	0.0357903949233	-0.188057322523	0.0357903949233
CBFA2T3_+_89043673.23-P2	-0.129191752875	0.0221302635497	-0.129191752875	0.0221302635497
CBL_+_119076546.23-P1P2	-0.112755961677	0.0176680035282	-0.112755961677	0.0176680035282
CBL_-_119076622.23-P1P2	-0.120490822317	0.0259494061874	-0.120490822317	0.0259494061874
CDKN1A_+_36646320.23-P1P2	-0.292593464643	0.0300344254682	-0.292593464643	0.0300344254682
CDKN1A_-_36646141.23-P1P2	-0.164186868869	0.0176522679731	-0.164186868869	0.0176522679731
CDKN1B_+_12869867.23-P1P2	-0.268840016882	0.0535630282202	-0.268840016882	0.0535630282202
CDKN1B_-_12869956.23-P1P2	-0.247960990955	0.0378521691518	-0.247960990955	0.0378521691518
CDKN1C_-_2907198.23-P1P2	-0.430063405471	0.0601734636101	-0.430063405471	0.0601734636101
CDKN1C_-_2907316.23-P1P2	-0.253312941961	0.0467717883639	-0.253312941961	0.0467717883639
CEBPA_+_33793624.23-P1P2	-0.611502564591	0.0576603409813	-0.611502564591	0.0576603409813
CEBPB_+_48807216.23-P1P2	-0.499777463686	0.0415709340114	-0.499777463686	0.0415709340114
CEBPB_-_48807249.23-P1P2	-0.170318805829	0.0438388713741	-0.170318805829	0.0438388713741
CEBPE_+_23588994.23-P1P2	-0.528594500486	0.0447991258266	-0.528594500486	0.0447991258266
CEBPE_-_23589034.23-P1P2	-0.329207971551	0.0311740783965	-0.329207971551	0.0311740783965
CELF2_+_11059740.23-P1P2	-0.142714658422	0.0563079593147	-0.142714658422	0.0563079593147
CELF2_+_11206754.23-P1P2	0.000612880939073	0.0187353717191	0.000612880939073	0.0187353717191
CITED1_+_71526082.23-P1	-0.35762753496	0.041957503978	-0.35762753496	0.041957503978
CITED1_-_71526062.23-P1	-0.0509715711855	0.024389017845	-0.0509715711855	0.024389017845
CKS1B_-_61808483.23-ENST00000600888.1	-0.15478772403	0.0293670772248	-0.15478772403	0.0293670772248
CLDN6_-_3068282.23-P1P2	-0.327951071223	0.0369452265419	-0.327951071223	0.0369452265419
CLDN6_-_3068298.23-P1P2	-0.219098041459	0.0453631795515	-0.219098041459	0.0453631795515
CNN1_+_11649447.23-P1	-0.105335172689	0.0415010048133	-0.105335172689	0.0415010048133
CNN1_-_11649410.23-P1	-0.0864751913238	0.0323986464196	-0.0864751913238	0.0323986464196
CNNM4_-_97426363.23-P1P2	-0.177349064765	0.0218979427653	-0.177349064765	0.0218979427653
CNNM4_-_97426428.23-P1P2	-0.0998316006872	0.0218465632226	-0.0998316006872	0.0218465632226
COL1A1_-_48279241.23-P1P2	-0.403938945271	0.0403927431958	-0.403938945271	0.0403927431958
COL2A1_+_48398427.23-P1P2	-0.359275685677	0.0369553068463	-0.359275685677	0.0369553068463
COL2A1_+_48398512.23-P1P2	-0.351529262513	0.037676628894	-0.351529262513	0.037676628894
CSRNP1_+_39196217.23-P1P2	0.0978302094742	0.0122976231661	0.0978302094742	0.0122976231661
CSRNP1_-_39196126.23-P1P2	0.0922725149951	0.0196871829532	0.0922725149951	0.0196871829532
DLX2_-_172967775.23-P1P2	-0.136270548887	0.0207194136391	-0.136270548887	0.0207194136391
DLX2_-_172967845.23-P1P2	-0.266034942515	0.0306097474087	-0.266034942515	0.0306097474087
DUSP9_+_152912501.23-P1	-0.368244203784	0.0304474940276	-0.368244203784	0.0304474940276
DUSP9_+_152912564.23-P1	-0.349286521075	0.0268622189406	-0.349286521075	0.0268622189406
EGR1_+_137800818.23-P1	-0.183666204626	0.0262501214138	-0.183666204626	0.0262501214138
EGR1_-_137801018.23-P1	-0.0752590924295	0.0207086942209	-0.0752590924295	0.0207086942209
ELMSAN1_+_74227119.23-P1	0.0257298861738	0.0156056350319	0.0257298861738	0.0156056350319
ELMSAN1_-_74227099.23-P1	0.0392455966801	0.011401345454	0.0392455966801	0.011401345454
ETS2_+_40177604.23-P1P2	-0.139450075996	0.0210104730714	-0.139450075996	0.0210104730714
ETS2_-_40177491.23-P1P2	-0.105032525218	0.0212192690125	-0.105032525218	0.0212192690125
FEV_+_219850595.23-P1P2	-0.173857814257	0.0241208906014	-0.173857814257	0.0241208906014
FOSB_+_45971009.23-P1	-0.157563850563	0.040933347516	-0.157563850563	0.040933347516
FOSB_-_45971150.23-P1	-0.150245267544	0.025235880062	-0.150245267544	0.025235880062
FOXA1_-_38064459.23-P1P2	-0.197435940697	0.0255487577813	-0.197435940697	0.0255487577813
FOXA1_-_38064583.23-P1P2	-0.297737546762	0.0421322191007	-0.297737546762	0.0421322191007
FOXA3_+_46367435.23-P1P2	-0.383880344689	0.0395364841503	-0.383880344689	0.0395364841503
FOXA3_-_46367354.23-P1P2	-0.12409495263	0.0225153476913	-0.12409495263	0.0225153476913
FOXF1_+_86544016.23-P1P2	-0.340259332781	0.0238486178898	-0.340259332781	0.0238486178898
FOXF1_-_86543821.23-P1P2	-0.105836504146	0.024074979823	-0.105836504146	0.024074979823
FOXL2_+_138666046.23-P1P2	-0.403064770932	0.0534884306834	-0.403064770932	0.0534884306834
FOXL2_+_138666114.23-P1P2	-0.143844088084	0.0266990833749	-0.143844088084	0.0266990833749
FOXO4_-_70315829.23-P1P2	-0.447208837737	0.0381856695383	-0.447208837737	0.0381856695383
FOXO4_-_70315963.23-P1P2	-0.474399016517	0.0364999042557	-0.474399016517	0.0364999042557
GCH1_-_55369782.23-P1P2	0.0502187048058	0.0193114851953	0.0502187048058	0.0193114851953
GCH1_-_55369897.23-P1P2	0.0183771413116	0.0201778990832	0.0183771413116	0.0201778990832
GLB1L2_+_134201608.23-P1P2	-0.00967231353748	0.0187252788756	-0.00967231353748	0.0187252788756
GLB1L2_+_134201679.23-P1P2	-0.126720490209	0.0375311881478	-0.126720490209	0.0375311881478
HES7_-_8027539.23-P1P2	-0.490347859099	0.0471913483614	-0.490347859099	0.0471913483614
HK2_+_75060993.23-P1P2	-0.089942242656	0.016998000611	-0.089942242656	0.016998000611
HK2_+_75061007.23-P1P2	-0.0829329880567	0.016880923631	-0.0829329880567	0.016880923631
HNF4A_+_43029788.23-P1P2	-0.464726679045	0.0442667113797	-0.464726679045	0.0442667113797
HNF4A_-_43029858.23-P1P2	-0.310302704058	0.0451937660122	-0.310302704058	0.0451937660122
HOXA13_+_27239889.23-P1P2	-0.665643329821	0.0686706011255	-0.665643329821	0.0686706011255
HOXA13_+_27240051.23-P1P2	-0.451209872561	0.048111658572	-0.451209872561	0.048111658572
HOXB9_+_46704211.23-P1P2	-0.232216015493	0.0416833390956	-0.232216015493	0.0416833390956
HOXB9_-_46704088.23-P1P2	-0.11092778551	0.0311902846299	-0.11092778551	0.0311902846299
HOXC13_+_54332230.23-P1P2	-0.544289483214	0.0358344276295	-0.544289483214	0.0358344276295
HOXC13_-_54332182.23-P1P2	-0.432528704136	0.0392669794592	-0.432528704136	0.0392669794592
IER5L_+_131940706.23-P1P2	-0.343937551485	0.0218644182435	-0.343937551485	0.0218644182435
IER5L_+_131940785.23-P1P2	-0.354080590456	0.0532714134298	-0.354080590456	0.0532714134298
IGDCC3_+_65670566.23-P1P2	-0.322239477111	0.041599681179	-0.322239477111	0.041599681179
IGDCC3_-_65670556.23-P1P2	-0.26113817419	0.0197004356729	-0.26113817419	0.0197004356729
IKZF3_-_38020553.23-P1P2	-0.434639433229	0.0318490269577	-0.434639433229	0.0318490269577
IKZF3_-_38020571.23-P1P2	-0.5037225023	0.0359030593855	-0.5037225023	0.0359030593855
IRF1_+_131826642.23-P1P2	-0.20842651454	0.0424138002374	-0.20842651454	0.0424138002374
IRF1_-_131826619.23-P1P2	-0.0332428844559	0.0217757440955	-0.0332428844559	0.0217757440955
ISL2_-_76628853.23-P1P2	-0.14046278586	0.0318246093822	-0.14046278586	0.0318246093822
JUN_+_59249990.23-P1P2	-0.365085507331	0.0339894003992	-0.365085507331	0.0339894003992
JUN_-_59249929.23-P1P2	-0.181086022058	0.021364970051	-0.181086022058	0.021364970051
KIAA1804_-_233463315.23-P1P2	-0.324620901687	0.0308372935743	-0.324620901687	0.0308372935743
KIAA1804_-_233463431.23-P1P2	-0.248472506305	0.0384987182665	-0.248472506305	0.0384987182665
KIF18B_-_43025293.23-P1P2	-0.233208055685	0.0230768727956	-0.233208055685	0.0230768727956
KIF18B_-_43025338.23-P1P2	-0.206519548154	0.0406941027646	-0.206519548154	0.0406941027646
KIF2C_-_45205402.23-P1P2	-0.158317070873	0.0324946389261	-0.158317070873	0.0324946389261
KIF2C_-_45205435.23-P1P2	-0.0503343560248	0.0166892476739	-0.0503343560248	0.0166892476739
KLF1_+_12998353.23-P1P2	0.161655511124	0.00976739381444	0.161655511124	0.00976739381444
KLF1_-_12998104.23-P1P2	0.1480933941	0.0163342008582	0.1480933941	0.0163342008582
KMT2A_+_118306901.23-P1P2	-0.0926013870735	0.0182596252288	-0.0926013870735	0.0182596252288
KMT2A_+_118306992.23-P1P2	-0.0579531390684	0.0227894466978	-0.0579531390684	0.0227894466978
LHX1_+_35293939.23-P1P2	-0.186372965912	0.020064037512	-0.186372965912	0.020064037512
LHX1_+_35293972.23-P1P2	-0.211946733731	0.0259140042807	-0.211946733731	0.0259140042807
LYL1_+_13213738.23-P1P2	-0.0485316928838	0.0112258404396	-0.0485316928838	0.0112258404396
LYL1_-_13213808.23-P1P2	-0.0896664923792	0.0237410500554	-0.0896664923792	0.0237410500554
MAML2_-_96076499.23-P1P2	0.0585371641105	0.0137337408909	0.0585371641105	0.0137337408909
MAML2_-_96076530.23-P1P2	0.0599038826853	0.0174725918214	0.0599038826853	0.0174725918214
MAP2K3_-_21187851.23-P1P2	0.00514123156608	0.0234335447733	0.00514123156608	0.0234335447733
MAP2K3_-_21187855.23-P1P2	0.112833705897	0.0126098301153	0.112833705897	0.0126098301153
MAP2K6_+_67410733.23-P1P2	0.0687397282297	0.0146963740186	0.0687397282297	0.0146963740186
MAP2K6_+_67410755.23-P1P2	0.0895254628827	0.0136046461907	0.0895254628827	0.0136046461907
MAP4K3_+_39664622.23-P1P2	-0.0714766129657	0.0181192585201	-0.0714766129657	0.0181192585201
MAP4K5_-_50999552.23-P1P2	-0.103215050634	0.0260330917634	-0.103215050634	0.0260330917634
MAP4K5_-_50999632.23-P1P2	-0.0743938389723	0.0268917345448	-0.0743938389723	0.0268917345448
MAP7D1_+_36621448.23-P1P2	-0.105187589125	0.0228037252658	-0.105187589125	0.0228037252658
MAP7D1_+_36621468.23-P1P2	-0.131698732153	0.0199153113649	-0.131698732153	0.0199153113649
MAPK1_+_22222272.23-P1P2	-0.196715855404	0.0289094682235	-0.196715855404	0.0289094682235
MAPK1_-_22222117.23-P1P2	-0.0113017924857	0.0248260912549	-0.0113017924857	0.0248260912549
MCOLN3_-_85514289.23-P1P2	-0.0322484699678	0.0182033465472	-0.0322484699678	0.0182033465472
MCOLN3_-_85514516.23-P1P2	-0.008428127977	0.0231561150493	-0.008428127977	0.0231561150493
MEIS1_+_66662147.23-P1P2	-0.134712233551	0.0205206024116	-0.134712233551	0.0205206024116
MEIS1_+_66662171.23-P1P2	-0.13447036203	0.0265192121473	-0.13447036203	0.0265192121473
MIDN_+_1248189.23-P2	-0.214691187156	0.0335041624187	-0.214691187156	0.0335041624187
MIDN_-_1248372.23-P2	-0.356307576062	0.0530530424798	-0.356307576062	0.0530530424798
NCL_-_232329542.23-P1	-0.090459399465	0.0203932133444	-0.090459399465	0.0203932133444
NCL_-_232329555.23-P1	-0.0956411634533	0.0250973073141	-0.0956411634533	0.0250973073141
NIT1_+_161087777.23-P1P2	-0.310024199273	0.0763744352312	-0.310024199273	0.0763744352312
NIT1_+_161087799.23-P1P2	-0.615532735324	0.0414654483358	-0.615532735324	0.0414654483358
OSR2_-_99956563.23-P1P2	-0.0616419892003	0.0241318810291	-0.0616419892003	0.0241318810291
OSR2_-_99956605.23-P1P2	-0.230473880212	0.0572642759188	-0.230473880212	0.0572642759188
PEG10_+_94285426.23-P1	-0.10119741154	0.0207336395889	-0.10119741154	0.0207336395889
PIK3CB_+_138553654.23-P1P2	-0.0262125819901	0.0211348855666	-0.0262125819901	0.0211348855666
PLEKHO2_+_65133841.23-P1P2	-0.438062651968	0.0575248109251	-0.438062651968	0.0575248109251
PLEKHO2_+_65133906.23-P1P2	-0.214927274234	0.053550468353	-0.214927274234	0.053550468353
PLK4_+_128801906.23-P1P2	-0.212737736464	0.05006850802	-0.212737736464	0.05006850802
PLK4_-_128801714.23-P1P2	-0.0434025923463	0.0181794068409	-0.0434025923463	0.0181794068409
POU3F2_-_99282213.23-P1P2	-0.22108942062	0.0296921878511	-0.22108942062	0.0296921878511
POU3F2_-_99282242.23-P1P2	-0.195898272769	0.018642051751	-0.195898272769	0.018642051751
PRDM1_-_106534082.23-P1P2	-0.456822187692	0.0364012620598	-0.456822187692	0.0364012620598
PRDM1_-_106534101.23-P1P2	-0.536336203704	0.0594642036801	-0.536336203704	0.0594642036801
PRTG_+_56035430.23-P1P2	-0.408615223712	0.0296904070769	-0.408615223712	0.0296904070769
PRTG_-_56035322.23-P1P2	-0.226247357213	0.0320510697892	-0.226247357213	0.0320510697892
PTPN12_-_77166401.23-P1P2	-0.0476539368332	0.0236381517563	-0.0476539368332	0.0236381517563
PTPN12_-_77166524.23-P1P2	-0.0705731928923	0.0141318717294	-0.0705731928923	0.0141318717294
PTPN13_+_87556134.23-P1P2	-0.00609187335963	0.0129338307262	-0.00609187335963	0.0129338307262
PTPN13_-_87515370.23-P1P2	-0.366684626701	0.0401356484543	-0.366684626701	0.0401356484543
PTPN1_-_49126654.23-P1P2	-0.325418204451	0.0267741652186	-0.325418204451	0.0267741652186
PTPN1_-_49126776.23-P1P2	-0.194001496093	0.0241023459971	-0.194001496093	0.0241023459971
PTPN9_-_75871727.23-P1P2	-0.0605023931384	0.024176617926	-0.0605023931384	0.024176617926
PTPN9_-_75871826.23-P1P2	-0.100184996146	0.0161900987457	-0.100184996146	0.0161900987457
RHOXF2_+_119292271.23-ENST00000371388.3	-0.341144816562	0.0482691565078	-0.341144816562	0.0482691565078
RHOXF2_+_119292286.23-ENST00000371388.3	-0.426759925702	0.0486600125336	-0.426759925702	0.0486600125336
RREB1_+_7107827.23-P1P2	-0.153185833797	0.0252680057797	-0.153185833797	0.0252680057797
RREB1_+_7107890.23-P1P2	-0.297503866649	0.0451113946163	-0.297503866649	0.0451113946163
RUNX1T1_+_93115566.23-P2	-0.0577350593362	0.0157825741182	-0.0577350593362	0.0157825741182
RUNX1T1_+_93115606.23-P2	-0.0674803115752	0.0195822498013	-0.0674803115752	0.0195822498013
S1PR2_+_10342062.23-P1P2	-0.207770568251	0.0479751229924	-0.207770568251	0.0479751229924
S1PR2_+_10342094.23-P1P2	-0.14147374619	0.0171875380036	-0.14147374619	0.0171875380036
SAMD1_+_14201604.23-P1P2	-0.192252946896	0.0280811715186	-0.192252946896	0.0280811715186
SAMD1_+_14201736.23-P1P2	-0.324009294328	0.0339403624711	-0.324009294328	0.0339403624711
SET_+_131451355.23-P1P2	-0.219639169282	0.0420262331798	-0.219639169282	0.0420262331798
SET_-_131451279.23-P1P2	-0.107648533337	0.0164657969803	-0.107648533337	0.0164657969803
SGK1_+_134496352.23-P1	-0.0279533527936	0.0146725922307	-0.0279533527936	0.0146725922307
SGK1_-_134496214.23-P1	-0.228874661671	0.037219752353	-0.228874661671	0.037219752353
SLC38A2_+_46766709.23-P1P2	0.0243273052248	0.00883994391871	0.0243273052248	0.00883994391871
SLC38A2_+_46766743.23-P1P2	0.0168091633977	0.0166816589719	0.0168091633977	0.0166816589719
SLC4A1_+_42345604.23-P1P2	-0.485191707936	0.0500133997412	-0.485191707936	0.0500133997412
SLC4A1_+_42345700.23-P1P2	-0.34957328128	0.0441932838727	-0.34957328128	0.0441932838727
SLC6A9_+_44497266.23-P1P2	-0.0464716806261	0.0212218864811	-0.0464716806261	0.0212218864811
SLC6A9_+_44497273.23-P1P2	-0.0394341503102	0.0193047760719	-0.0394341503102	0.0193047760719
SNAI1_+_48599338.23-P1P2	-0.339203544101	0.0285514265535	-0.339203544101	0.0285514265535
SPI1_+_47400397.23-P1P2	-0.49943226352	0.05561520068	-0.49943226352	0.05561520068
SPI1_+_47400477.23-P1P2	-0.440919435059	0.0465343158158	-0.440919435059	0.0465343158158
STIL_-_47779900.23-P1P2	-0.124024649963	0.040466579343	-0.124024649963	0.040466579343
STIL_-_47780136.23-P1P2	-0.386495987007	0.0344327454064	-0.386495987007	0.0344327454064
TBX2_+_59476912.23-P1P2	0.0229565357876	0.0168100302855	0.0229565357876	0.0168100302855
TBX2_+_59477100.23-P1P2	-0.111953161286	0.030459276892	-0.111953161286	0.030459276892
TBX3_+_115122163.23-P1P2	-0.0222269684154	0.0156461065485	-0.0222269684154	0.0156461065485
TBX3_-_115122232.23-P1P2	-0.159685379671	0.0315255910454	-0.159685379671	0.0315255910454
TGFBR2_-_30647895.23-P1P2	-0.0387912360562	0.0267485754859	-0.0387912360562	0.0267485754859
TGFBR2_-_30647920.23-P1P2	-0.0578560185018	0.0115915953559	-0.0578560185018	0.0115915953559
TMEM173_+_138862463.23-P1P2	-0.0244990064119	0.0229243111572	-0.0244990064119	0.0229243111572
TMEM173_-_138862534.23-P1P2	0.000630783678763	0.0270443114147	0.000630783678763	0.0270443114147
TMSB4X_+_12993106.23-P1	-0.0448093716007	0.0150375750921	-0.0448093716007	0.0150375750921
TMSB4X_+_12993114.23-P1	-0.0351241664557	0.0112221711408	-0.0351241664557	0.0112221711408
TP73_+_3568744.23-P1P2	-0.625973160976	0.0544328036108	-0.625973160976	0.0544328036108
TSC22D1_-_45011354.23-P1P2	-0.0871466910471	0.0181688939095	-0.0871466910471	0.0181688939095
TSC22D1_-_45011365.23-P1P2	-0.0700908109681	0.0106569296407	-0.0700908109681	0.0106569296407
UBASH3A_+_43823772.23-P1P2	-0.0941796771157	0.0246715363493	-0.0941796771157	0.0246715363493
UBASH3A_-_43823838.23-P1P2	-0.0602697508261	0.024774135293	-0.0602697508261	0.024774135293
UBASH3B_+_122526277.23-P1P2	-0.0956750855004	0.0120553619498	-0.0956750855004	0.0120553619498
UBASH3B_-_122526266.23-P1P2	-0.107534901784	0.0199455438229	-0.107534901784	0.0199455438229
ZBTB10_+_81398318.23-P1P2	-0.527277701027	0.0399845838657	-0.527277701027	0.0399845838657
ZBTB10_-_81398128.23-P1P2	-0.343271028785	0.0243774649075	-0.343271028785	0.0243774649075
ZBTB1_+_64970303.23-P1P2	-0.213418656359	0.038800067173	-0.213418656359	0.038800067173
ZBTB1_-_64971139.23-P1P2	-0.0920039792228	0.0185322809755	-0.0920039792228	0.0185322809755
ZBTB25_-_64971433.23-P1P2	-0.010229181591	0.0110961842091	-0.010229181591	0.0110961842091
ZBTB25_-_64971449.23-P1P2	-0.0927411655152	0.0192640154699	-0.0927411655152	0.0192640154699
ZC3HAV1_+_138794557.23-P1P2	0.092581832926	0.0153329557276	0.092581832926	0.0153329557276
ZC3HAV1_+_138794578.23-P1P2	0.125069053479	0.0122220513415	0.125069053479	0.0122220513415
ZNF318_+_43337335.23-P1P2	-0.0604842638826	0.0273392391915	-0.0604842638826	0.0273392391915
ZNF318_-_43337365.23-P1P2	-0.0234037297036	0.0208010384816	-0.0234037297036	0.0208010384816
negative_control_0	0.00481772429827	0.0226493982683	0.00481772429827	0.0226493982683
negative_control_1	-0.00181032687176	0.014872100552	-0.00181032687176	0.014872100552
negative_control_10	0.00075026342111	0.0158308817723	0.00075026342111	0.0158308817723
negative_control_11	0.00452816885107	0.0237461860395	0.00452816885107	0.0237461860395
negative_control_12	-0.00419063491548	0.0157070702655	-0.00419063491548	0.0157070702655
negative_control_13	0.0112528636951	0.0218293685395	0.0112528636951	0.0218293685395
negative_control_14	-0.0123610187013	0.0140446493556	-0.0123610187013	0.0140446493556
negative_control_15	0.000737670088849	0.0162546188086	0.000737670088849	0.0162546188086
negative_control_2	0.00576470651013	0.0209576596738	0.00576470651013	0.0209576596738
negative_control_3	-0.0355540292722	0.0283835018739	-0.0355540292722	0.0283835018739
negative_control_4	-0.000801029861999	0.0128990466467	-0.000801029861999	0.0128990466467
negative_control_6	0.00416442274152	0.0167235142269	0.00416442274152	0.0167235142269
negative_control_7	0.0320507468079	0.0192085879633	0.0320507468079	0.0192085879633
negative_control_8	0.00823612968465	0.0174612060486	0.00823612968465	0.0174612060486
negative_control_9	-0.000733856609944	0.018096614753	-0.000733856609944	0.018096614753
