	b.mean	b.std	a.mean	a.std
AHR_-_17338164.23-P1P2	-0.324046463361	0.0582927188379	-0.324046463361	0.0582927188379
AHR_-_17338168.23-P1P2	-0.308183052145	0.0448191836363	-0.308183052145	0.0448191836363
ARID1A_+_27022167.23-P1P2	-0.415502780054	0.0515281753971	-0.415502780054	0.0515281753971
ARID1A_-_27022243.23-P1P2	-0.205379519951	0.0220590099579	-0.205379519951	0.0220590099579
ARRDC3_+_90679525.23-P1P2	-0.0948038336144	0.0249853200328	-0.0948038336144	0.0249853200328
ARRDC3_-_90679309.23-P1P2	-0.131465976647	0.0245981667557	-0.131465976647	0.0245981667557
ATL1_+_50999374.23-P1P2	-0.474152093593	0.0552472602423	-0.474152093593	0.0552472602423
ATL1_-_50999367.23-P1P2	-0.372689038343	0.0495272818441	-0.372689038343	0.0495272818441
BAK1_+_33548177.23-P1P2	-0.423556684411	0.0674096914071	-0.423556684411	0.0674096914071
BAK1_-_33548176.23-P1P2	-0.429282913322	0.069514623988	-0.429282913322	0.069514623988
BCL2L11_+_111878321.23-P1	-0.154896072919	0.0356087806052	-0.154896072919	0.0356087806052
BCL2L11_-_111878313.23-P1	-0.0724270127517	0.0298275826574	-0.0724270127517	0.0298275826574
BCORL1_+_129116278.23-P1P2	-0.00152871951683	0.0290617157613	-0.00152871951683	0.0290617157613
BCORL1_+_129116290.23-P1P2	-0.0907946469746	0.0354227182764	-0.0907946469746	0.0354227182764
BCR_-_23522065.23-P1P2	-0.0523285918268	0.040439690642	-0.0523285918268	0.040439690642
BCR_-_23522198.23-P1P2	0.0289204285901	0.0230802459422	0.0289204285901	0.0230802459422
BPGM_+_134331304.23-P1P2	-0.09688354231	0.0203033825825	-0.09688354231	0.0203033825825
BPGM_+_134331476.23-P1P2	-0.13621291056	0.02226189039	-0.13621291056	0.02226189039
C19orf26_+_1238161.23-P1P2	-0.17010786049	0.0178099852433	-0.17010786049	0.0178099852433
C19orf26_+_1238358.23-P1P2	-0.0833261247961	0.0286010319143	-0.0833261247961	0.0286010319143
C3orf72_-_138665928.23-P1P2	-0.4977762573	0.0726391653213	-0.4977762573	0.0726391653213
C3orf72_-_138665944.23-P1P2	-0.560260646114	0.0930806368643	-0.560260646114	0.0930806368643
CBFA2T3_+_89043662.23-P2	-0.182534228618	0.0357446443905	-0.182534228618	0.0357446443905
CBFA2T3_+_89043673.23-P2	-0.126697721317	0.0216322092094	-0.126697721317	0.0216322092094
CBL_+_119076546.23-P1P2	-0.112177749481	0.0200143017929	-0.112177749481	0.0200143017929
CBL_-_119076622.23-P1P2	-0.117302668615	0.025126968856	-0.117302668615	0.025126968856
CDKN1A_+_36646320.23-P1P2	-0.285062111487	0.0334557062878	-0.285062111487	0.0334557062878
CDKN1A_-_36646141.23-P1P2	-0.164242869039	0.0213803580742	-0.164242869039	0.0213803580742
CDKN1B_+_12869867.23-P1P2	-0.264185325489	0.0521424988254	-0.264185325489	0.0521424988254
CDKN1B_-_12869956.23-P1P2	-0.242277826626	0.0378321772971	-0.242277826626	0.0378321772971
CDKN1C_-_2907198.23-P1P2	-0.41428007131	0.075807952917	-0.41428007131	0.075807952917
CDKN1C_-_2907316.23-P1P2	-0.247561888709	0.0463024240548	-0.247561888709	0.0463024240548
CEBPA_+_33793624.23-P1P2	-0.593675080886	0.0793716245353	-0.593675080886	0.0793716245353
CEBPA_+_33793774.23-P1P2	-0.757932525883	0.116471146164	-0.757932525883	0.116471146164
CEBPB_+_48807216.23-P1P2	-0.488368921851	0.0511466603822	-0.488368921851	0.0511466603822
CEBPB_-_48807249.23-P1P2	-0.167300818935	0.0424571991707	-0.167300818935	0.0424571991707
CEBPE_+_23588994.23-P1P2	-0.507964750414	0.0800428925167	-0.507964750414	0.0800428925167
CEBPE_-_23589034.23-P1P2	-0.319982175725	0.0380111439628	-0.319982175725	0.0380111439628
CELF2_+_11059740.23-P1P2	-0.1421350975	0.0554999095417	-0.1421350975	0.0554999095417
CELF2_+_11206754.23-P1P2	0.00348680147992	0.01820214198	0.00348680147992	0.01820214198
CITED1_+_71526082.23-P1	-0.344888734172	0.054753670821	-0.344888734172	0.054753670821
CITED1_-_71526062.23-P1	-0.0530395312535	0.031361481813	-0.0530395312535	0.031361481813
CKS1B_-_61808483.23-ENST00000600888.1	-0.154751268122	0.0310555168699	-0.154751268122	0.0310555168699
CLDN6_-_3068282.23-P1P2	-0.32392883646	0.0358934941287	-0.32392883646	0.0358934941287
CLDN6_-_3068298.23-P1P2	-0.21622289911	0.0439480657709	-0.21622289911	0.0439480657709
CNN1_+_11649447.23-P1	-0.104252941067	0.0410592675422	-0.104252941067	0.0410592675422
CNN1_-_11649410.23-P1	-0.0869165859388	0.0344910623374	-0.0869165859388	0.0344910623374
CNNM4_-_97426363.23-P1P2	-0.17537503882	0.0217801965518	-0.17537503882	0.0217801965518
CNNM4_-_97426428.23-P1P2	-0.0971998440192	0.0212925684051	-0.0971998440192	0.0212925684051
COL1A1_+_48279052.23-P1P2	-0.558250612811	0.0934216090418	-0.558250612811	0.0934216090418
COL1A1_-_48279241.23-P1P2	-0.39361819461	0.0477210374819	-0.39361819461	0.0477210374819
COL2A1_+_48398427.23-P1P2	-0.351953807166	0.0390865060197	-0.351953807166	0.0390865060197
COL2A1_+_48398512.23-P1P2	-0.339270373046	0.0504515635784	-0.339270373046	0.0504515635784
CSRNP1_+_39196217.23-P1P2	0.092587889646	0.0350180068863	0.092587889646	0.0350180068863
CSRNP1_-_39196126.23-P1P2	0.0917320830782	0.0240846993915	0.0917320830782	0.0240846993915
DLX2_-_172967775.23-P1P2	-0.134909759038	0.0213681865392	-0.134909759038	0.0213681865392
DLX2_-_172967845.23-P1P2	-0.263266854264	0.0296990670799	-0.263266854264	0.0296990670799
DUSP9_+_152912501.23-P1	-0.357572571483	0.0411457408124	-0.357572571483	0.0411457408124
DUSP9_+_152912564.23-P1	-0.339158163063	0.0372019151396	-0.339158163063	0.0372019151396
EGR1_+_137800818.23-P1	-0.181048246933	0.0255381262177	-0.181048246933	0.0255381262177
EGR1_-_137801018.23-P1	-0.0747301859539	0.0226710126474	-0.0747301859539	0.0226710126474
ELMSAN1_+_74227119.23-P1	0.0215827668034	0.0324255722783	0.0215827668034	0.0324255722783
ELMSAN1_-_74227099.23-P1	0.0345906329617	0.0325836766143	0.0345906329617	0.0325836766143
ETS2_+_40177604.23-P1P2	-0.13867137064	0.022499846039	-0.13867137064	0.022499846039
ETS2_-_40177491.23-P1P2	-0.103891432306	0.0221245925392	-0.103891432306	0.0221245925392
FEV_+_219850574.23-P1P2	-0.171835402144	0.0580206123732	-0.171835402144	0.0580206123732
FEV_+_219850595.23-P1P2	-0.171922886592	0.0239126073355	-0.171922886592	0.0239126073355
FOSB_+_45971009.23-P1	-0.154970779306	0.0397177620121	-0.154970779306	0.0397177620121
FOSB_-_45971150.23-P1	-0.148283281351	0.0249467523778	-0.148283281351	0.0249467523778
FOXA1_-_38064459.23-P1P2	-0.194035971847	0.024743371045	-0.194035971847	0.024743371045
FOXA1_-_38064583.23-P1P2	-0.290191887878	0.044041019089	-0.290191887878	0.044041019089
FOXA3_+_46367435.23-P1P2	-0.375134995395	0.0437799443078	-0.375134995395	0.0437799443078
FOXA3_-_46367354.23-P1P2	-0.12415554835	0.0253121895783	-0.12415554835	0.0253121895783
FOXF1_+_86544016.23-P1P2	-0.333242904368	0.0272911878265	-0.333242904368	0.0272911878265
FOXF1_-_86543821.23-P1P2	-0.105678369647	0.0262250613095	-0.105678369647	0.0262250613095
FOXL2_+_138666046.23-P1P2	-0.389376608538	0.0656751574078	-0.389376608538	0.0656751574078
FOXL2_+_138666114.23-P1P2	-0.141600914937	0.0261498420617	-0.141600914937	0.0261498420617
FOXO4_-_70315829.23-P1P2	-0.440170533997	0.0397628335097	-0.440170533997	0.0397628335097
FOXO4_-_70315963.23-P1P2	-0.462468997465	0.0487480658955	-0.462468997465	0.0487480658955
GCH1_-_55369782.23-P1P2	0.0478966813547	0.0285849884122	0.0478966813547	0.0285849884122
GCH1_-_55369897.23-P1P2	0.0144296910693	0.0340738802439	0.0144296910693	0.0340738802439
GLB1L2_+_134201608.23-P1P2	-0.0144008359999	0.0358622343195	-0.0144008359999	0.0358622343195
GLB1L2_+_134201679.23-P1P2	-0.124989520372	0.0368191161211	-0.124989520372	0.0368191161211
HES7_-_8027532.23-P1P2	-0.178493282613	0.00567034351138	-0.178493282613	0.00567034351138
HES7_-_8027539.23-P1P2	-0.482592665546	0.0488964423439	-0.482592665546	0.0488964423439
HK2_+_75060993.23-P1P2	-0.0902313902317	0.0214447844286	-0.0902313902317	0.0214447844286
HK2_+_75061007.23-P1P2	-0.0798988958102	0.0163683982756	-0.0798988958102	0.0163683982756
HNF4A_+_43029788.23-P1P2	-0.448074558275	0.0672836085287	-0.448074558275	0.0672836085287
HNF4A_-_43029858.23-P1P2	-0.302581386945	0.0470457087884	-0.302581386945	0.0470457087884
HOXA13_+_27239889.23-P1P2	-0.648146293429	0.0863775871775	-0.648146293429	0.0863775871775
HOXA13_+_27240051.23-P1P2	-0.440216859556	0.0553798370095	-0.440216859556	0.0553798370095
HOXB9_+_46704211.23-P1P2	-0.231603188059	0.0416420853027	-0.231603188059	0.0416420853027
HOXB9_-_46704088.23-P1P2	-0.109921521828	0.0314365815417	-0.109921521828	0.0314365815417
HOXC13_+_54332230.23-P1P2	-0.529693719328	0.0559567385634	-0.529693719328	0.0559567385634
HOXC13_-_54332182.23-P1P2	-0.425015437086	0.0414344249977	-0.425015437086	0.0414344249977
IER5L_+_131940706.23-P1P2	-0.340555966085	0.0211753214702	-0.340555966085	0.0211753214702
IER5L_+_131940785.23-P1P2	-0.344582485655	0.0569568707345	-0.344582485655	0.0569568707345
IGDCC3_+_65670566.23-P1P2	-0.309758188522	0.0538303462759	-0.309758188522	0.0538303462759
IGDCC3_-_65670556.23-P1P2	-0.256479296689	0.0198287765127	-0.256479296689	0.0198287765127
IKZF3_-_38020553.23-P1P2	-0.427549128275	0.0342194190581	-0.427549128275	0.0342194190581
IKZF3_-_38020571.23-P1P2	-0.491029024313	0.0504298328165	-0.491029024313	0.0504298328165
IRF1_+_131826642.23-P1P2	-0.203256591048	0.0417274856528	-0.203256591048	0.0417274856528
IRF1_-_131826619.23-P1P2	-0.0386355110031	0.0395942907081	-0.0386355110031	0.0395942907081
ISL2_+_76628878.23-P1P2	-0.17923062033	0.00596225157359	-0.17923062033	0.00596225157359
ISL2_-_76628853.23-P1P2	-0.139973521901	0.0326298264281	-0.139973521901	0.0326298264281
JUN_+_59249990.23-P1P2	-0.359475267154	0.0341451347901	-0.359475267154	0.0341451347901
JUN_-_59249929.23-P1P2	-0.178081555437	0.020710305006	-0.178081555437	0.020710305006
KIAA1804_-_233463315.23-P1P2	-0.317296749555	0.0337520113596	-0.317296749555	0.0337520113596
KIAA1804_-_233463431.23-P1P2	-0.248686502293	0.0396308417471	-0.248686502293	0.0396308417471
KIF18B_-_43025293.23-P1P2	-0.231847098547	0.0235241327434	-0.231847098547	0.0235241327434
KIF18B_-_43025338.23-P1P2	-0.199479663191	0.0420328475372	-0.199479663191	0.0420328475372
KIF2C_-_45205402.23-P1P2	-0.156345264324	0.0318562474634	-0.156345264324	0.0318562474634
KIF2C_-_45205435.23-P1P2	-0.052234945933	0.0257037518827	-0.052234945933	0.0257037518827
KLF1_+_12998353.23-P1P2	0.154403279574	0.0417997266291	0.154403279574	0.0417997266291
KLF1_-_12998104.23-P1P2	0.141404822611	0.0416521932977	0.141404822611	0.0416521932977
KMT2A_+_118306901.23-P1P2	-0.0927518477643	0.0220703460983	-0.0927518477643	0.0220703460983
KMT2A_+_118306992.23-P1P2	-0.0612576839105	0.0336660878901	-0.0612576839105	0.0336660878901
LHX1_+_35293939.23-P1P2	-0.181322057985	0.020627314869	-0.181322057985	0.020627314869
LHX1_+_35293972.23-P1P2	-0.208575634764	0.0250947796723	-0.208575634764	0.0250947796723
LYL1_+_13213738.23-P1P2	-0.05057398826	0.0232367248642	-0.05057398826	0.0232367248642
LYL1_-_13213808.23-P1P2	-0.0888240967545	0.0248218045215	-0.0888240967545	0.0248218045215
MAML2_-_96076499.23-P1P2	0.0562541361239	0.0252546147522	0.0562541361239	0.0252546147522
MAML2_-_96076530.23-P1P2	0.054360827275	0.0380626071017	0.054360827275	0.0380626071017
MAP2K3_-_21187851.23-P1P2	0.00100548409063	0.0365429607253	0.00100548409063	0.0365429607253
MAP2K3_-_21187855.23-P1P2	0.105795374066	0.0417141882123	0.105795374066	0.0417141882123
MAP2K6_+_67410733.23-P1P2	0.0637645998999	0.0349267768782	0.0637645998999	0.0349267768782
MAP2K6_+_67410755.23-P1P2	0.0822292165592	0.0429558712304	0.0822292165592	0.0429558712304
MAP4K3_+_39664546.23-P1P2	-0.177029206214	0.0	-0.177029206214	0.0
MAP4K3_+_39664622.23-P1P2	-0.077589609282	0.0403204428105	-0.077589609282	0.0403204428105
MAP4K5_-_50999552.23-P1P2	-0.103839457109	0.0293557019665	-0.103839457109	0.0293557019665
MAP4K5_-_50999632.23-P1P2	-0.0724138501451	0.0265059427355	-0.0724138501451	0.0265059427355
MAP7D1_+_36621448.23-P1P2	-0.106074165121	0.0273036397394	-0.106074165121	0.0273036397394
MAP7D1_+_36621468.23-P1P2	-0.129301785885	0.0195708456975	-0.129301785885	0.0195708456975
MAPK1_+_22222272.23-P1P2	-0.191372645928	0.0291304779278	-0.191372645928	0.0291304779278
MAPK1_-_22222117.23-P1P2	-0.0135712637491	0.0321951931461	-0.0135712637491	0.0321951931461
MCOLN3_-_85514289.23-P1P2	-0.0355312141956	0.0308686195392	-0.0355312141956	0.0308686195392
MCOLN3_-_85514516.23-P1P2	-0.00964513661509	0.0283446717786	-0.00964513661509	0.0283446717786
MEIS1_+_66662147.23-P1P2	-0.135031460803	0.0242280512228	-0.135031460803	0.0242280512228
MEIS1_+_66662171.23-P1P2	-0.133193906837	0.02680230675	-0.133193906837	0.02680230675
MIDN_+_1248189.23-P2	-0.209160538756	0.033610582084	-0.209160538756	0.033610582084
MIDN_-_1248372.23-P2	-0.352904715037	0.0513713444639	-0.352904715037	0.0513713444639
NCL_-_232329542.23-P1	-0.0912440224425	0.0252059812854	-0.0912440224425	0.0252059812854
NCL_-_232329555.23-P1	-0.0958624628652	0.0277913026944	-0.0958624628652	0.0277913026944
NIT1_+_161087777.23-P1P2	-0.301624134348	0.0765813820742	-0.301624134348	0.0765813820742
NIT1_+_161087799.23-P1P2	-0.591155644212	0.0911073448174	-0.591155644212	0.0911073448174
OSR2_-_99956563.23-P1P2	-0.0621953009712	0.0276429695834	-0.0621953009712	0.0276429695834
OSR2_-_99956605.23-P1P2	-0.227459256384	0.0554540768638	-0.227459256384	0.0554540768638
PEG10_+_94285426.23-P1	-0.102397814621	0.0264861708686	-0.102397814621	0.0264861708686
PEG10_+_94285507.23-P1	-0.174653843838	0.0145686442441	-0.174653843838	0.0145686442441
PIK3CB_+_138553654.23-P1P2	-0.0273681139296	0.0266700583855	-0.0273681139296	0.0266700583855
PIK3CB_-_138553855.23-P1P2	-0.313530267488	0.0275001712256	-0.313530267488	0.0275001712256
PLEKHO2_+_65133841.23-P1P2	-0.423778477952	0.0701789859485	-0.423778477952	0.0701789859485
PLEKHO2_+_65133906.23-P1P2	-0.213957809888	0.0526038048644	-0.213957809888	0.0526038048644
PLK4_+_128801906.23-P1P2	-0.213173777274	0.0505484765559	-0.213173777274	0.0505484765559
PLK4_-_128801714.23-P1P2	-0.0450670061893	0.0259550340078	-0.0450670061893	0.0259550340078
POU3F2_-_99282213.23-P1P2	-0.216501282991	0.029205510341	-0.216501282991	0.029205510341
POU3F2_-_99282242.23-P1P2	-0.193064607797	0.0181256486919	-0.193064607797	0.0181256486919
PRDM1_-_106534082.23-P1P2	-0.443244971103	0.0532798377842	-0.443244971103	0.0532798377842
PRDM1_-_106534101.23-P1P2	-0.51900538248	0.0792753503464	-0.51900538248	0.0792753503464
PRTG_+_56035430.23-P1P2	-0.402303280271	0.0310819968986	-0.402303280271	0.0310819968986
PRTG_-_56035322.23-P1P2	-0.221908999021	0.0313128053225	-0.221908999021	0.0313128053225
PTPN12_-_77166401.23-P1P2	-0.0506456763755	0.0333197530261	-0.0506456763755	0.0333197530261
PTPN12_-_77166524.23-P1P2	-0.0711934554329	0.0203258016271	-0.0711934554329	0.0203258016271
PTPN13_+_87556134.23-P1P2	-0.00739890459417	0.0216741858927	-0.00739890459417	0.0216741858927
PTPN13_-_87515370.23-P1P2	-0.357626926746	0.0448809042635	-0.357626926746	0.0448809042635
PTPN1_-_49126654.23-P1P2	-0.31740177551	0.0318013927405	-0.31740177551	0.0318013927405
PTPN1_-_49126776.23-P1P2	-0.191661038418	0.023607495923	-0.191661038418	0.023607495923
PTPN9_-_75871727.23-P1P2	-0.0624946216953	0.0310137367054	-0.0624946216953	0.0310137367054
PTPN9_-_75871826.23-P1P2	-0.0978469741653	0.0160780171615	-0.0978469741653	0.0160780171615
RHOXF2_+_119292271.23-ENST00000371388.3	-0.33713716457	0.0468258954463	-0.33713716457	0.0468258954463
RHOXF2_+_119292286.23-ENST00000371388.3	-0.415907929121	0.055536123836	-0.415907929121	0.055536123836
RREB1_+_7107827.23-P1P2	-0.15065431147	0.0246280281397	-0.15065431147	0.0246280281397
RREB1_+_7107890.23-P1P2	-0.288448882534	0.0491068276671	-0.288448882534	0.0491068276671
RUNX1T1_+_93115566.23-P2	-0.0570958901986	0.018346549954	-0.0570958901986	0.018346549954
RUNX1T1_+_93115606.23-P2	-0.0682125337121	0.0244669387657	-0.0682125337121	0.0244669387657
S1PR2_+_10342062.23-P1P2	-0.204280343133	0.04646022953	-0.204280343133	0.04646022953
S1PR2_+_10342094.23-P1P2	-0.137467769246	0.0168903293764	-0.137467769246	0.0168903293764
SAMD1_+_14201604.23-P1P2	-0.18831578784	0.027315466932	-0.18831578784	0.027315466932
SAMD1_+_14201736.23-P1P2	-0.319698061838	0.0331136004132	-0.319698061838	0.0331136004132
SET_+_131451355.23-P1P2	-0.217664616844	0.0409954052298	-0.217664616844	0.0409954052298
SET_-_131451279.23-P1P2	-0.105707799416	0.0167423393307	-0.105707799416	0.0167423393307
SGK1_+_134496352.23-P1	-0.0301825097833	0.0255711253348	-0.0301825097833	0.0255711253348
SGK1_-_134496214.23-P1	-0.226380272641	0.0361598267401	-0.226380272641	0.0361598267401
SLC38A2_+_46766709.23-P1P2	0.0227476362081	0.0206076680088	0.0227476362081	0.0206076680088
SLC38A2_+_46766743.23-P1P2	0.0122869580646	0.0341972800939	0.0122869580646	0.0341972800939
SLC4A1_+_42345604.23-P1P2	-0.470901966993	0.0645728509451	-0.470901966993	0.0645728509451
SLC4A1_+_42345700.23-P1P2	-0.339137956545	0.0510209997095	-0.339137956545	0.0510209997095
SLC6A9_+_44497266.23-P1P2	-0.0465588611309	0.0242967005748	-0.0465588611309	0.0242967005748
SLC6A9_+_44497273.23-P1P2	-0.0394083452848	0.0225019020199	-0.0394083452848	0.0225019020199
SNAI1_+_48599301.23-P1P2	-0.191121346233	0.0369881822749	-0.191121346233	0.0369881822749
SNAI1_+_48599338.23-P1P2	-0.339507764979	0.0309006236773	-0.339507764979	0.0309006236773
SPI1_+_47400397.23-P1P2	-0.489606330891	0.0595508115376	-0.489606330891	0.0595508115376
SPI1_+_47400477.23-P1P2	-0.428053099033	0.0584308997368	-0.428053099033	0.0584308997368
STIL_-_47779900.23-P1P2	-0.124671062902	0.0420019358605	-0.124671062902	0.0420019358605
STIL_-_47780136.23-P1P2	-0.376829790084	0.0415571689335	-0.376829790084	0.0415571689335
TBX2_+_59476912.23-P1P2	0.0204445156662	0.0276541871753	0.0204445156662	0.0276541871753
TBX2_+_59477100.23-P1P2	-0.113620917958	0.0351298274699	-0.113620917958	0.0351298274699
TBX3_+_115122163.23-P1P2	-0.0258375725431	0.0306217478144	-0.0258375725431	0.0306217478144
TBX3_-_115122232.23-P1P2	-0.157327603473	0.030724117483	-0.157327603473	0.030724117483
TGFBR2_-_30647895.23-P1P2	-0.0354925239552	0.0258996186389	-0.0354925239552	0.0258996186389
TGFBR2_-_30647920.23-P1P2	-0.0600912498342	0.0240628553446	-0.0600912498342	0.0240628553446
TMEM173_+_138862463.23-P1P2	-0.0291422231798	0.03781165279	-0.0291422231798	0.03781165279
TMEM173_-_138862534.23-P1P2	-0.00322524338689	0.0380179834722	-0.00322524338689	0.0380179834722
TMSB4X_+_12993106.23-P1	-0.0455604201664	0.0212929364883	-0.0455604201664	0.0212929364883
TMSB4X_+_12993114.23-P1	-0.035910467647	0.019071465487	-0.035910467647	0.019071465487
TP73_+_3568744.23-P1P2	-0.605795355688	0.0840871645568	-0.605795355688	0.0840871645568
TP73_-_3568729.23-P1P2	-0.624386663886	0.0872830043712	-0.624386663886	0.0872830043712
TSC22D1_-_45011354.23-P1P2	-0.0851528878536	0.0182632560448	-0.0851528878536	0.0182632560448
TSC22D1_-_45011365.23-P1P2	-0.0711267239744	0.0195797237686	-0.0711267239744	0.0195797237686
UBASH3A_+_43823772.23-P1P2	-0.0943782450165	0.0273883931913	-0.0943782450165	0.0273883931913
UBASH3A_-_43823838.23-P1P2	-0.0591918250004	0.025433353416	-0.0591918250004	0.025433353416
UBASH3B_+_122526277.23-P1P2	-0.0947671874307	0.0148078659326	-0.0947671874307	0.0148078659326
UBASH3B_-_122526266.23-P1P2	-0.108289671468	0.0247952058068	-0.108289671468	0.0247952058068
ZBTB10_+_81398318.23-P1P2	-0.51232899716	0.0595654184133	-0.51232899716	0.0595654184133
ZBTB10_-_81398128.23-P1P2	-0.339101699199	0.0238643620107	-0.339101699199	0.0238643620107
ZBTB1_+_64970303.23-P1P2	-0.207047316681	0.0394526339407	-0.207047316681	0.0394526339407
ZBTB1_-_64971139.23-P1P2	-0.0932561312705	0.0250488907878	-0.0932561312705	0.0250488907878
ZBTB25_-_64971433.23-P1P2	-0.0118557432278	0.0217643625987	-0.0118557432278	0.0217643625987
ZBTB25_-_64971449.23-P1P2	-0.0960358575396	0.0315035845315	-0.0960358575396	0.0315035845315
ZC3HAV1_+_138794557.23-P1P2	0.0856442515583	0.0421951802505	0.0856442515583	0.0421951802505
ZC3HAV1_+_138794578.23-P1P2	0.119255529943	0.037082661772	0.119255529943	0.037082661772
ZNF318_+_43337335.23-P1P2	-0.0618609895353	0.0319888086924	-0.0618609895353	0.0319888086924
ZNF318_-_43337365.23-P1P2	-0.0257023114415	0.0294821850814	-0.0257023114415	0.0294821850814
negative_control_0	0.00471094255593	0.0255150271954	0.00471094255593	0.0255150271954
negative_control_1	-0.00470533123792	0.0278517128586	-0.00470533123792	0.0278517128586
negative_control_10	-0.00465599704517	0.0369006317046	-0.00465599704517	0.0369006317046
negative_control_11	0.00190814148327	0.0323628821927	0.00190814148327	0.0323628821927
negative_control_12	-0.00546039052308	0.023219543917	-0.00546039052308	0.023219543917
negative_control_13	0.00653859750082	0.0374259736331	0.00653859750082	0.0374259736331
negative_control_14	-0.0145283762432	0.0250370960701	-0.0145283762432	0.0250370960701
negative_control_15	-0.0024917801329	0.0296563713411	-0.0024917801329	0.0296563713411
negative_control_2	0.00266271987225	0.0319217731733	0.00266271987225	0.0319217731733
negative_control_3	-0.0369698392278	0.032913469706	-0.0369698392278	0.032913469706
negative_control_4	-0.00366508618925	0.0268076082673	-0.00366508618925	0.0268076082673
negative_control_5	-0.0951001961372	0.0298114669498	-0.0951001961372	0.0298114669498
negative_control_6	0.00224793800206	0.025772487154	0.00224793800206	0.025772487154
negative_control_7	0.0295384819377	0.0290824627843	0.0295384819377	0.0290824627843
negative_control_8	0.00452346795295	0.0318625567552	0.00452346795295	0.0318625567552
negative_control_9	-0.00203935063344	0.024894788608	-0.00203935063344	0.024894788608
