	b.mean	b.std	a.mean	a.std
AHR_-_17338164.23-P1P2	-0.307283677339	0.070366843197	-0.340809249383	0.0582231594443
AHR_-_17338168.23-P1P2	-0.294019778439	0.0610613838759	-0.322346325851	0.0484355118818
ARID1A_+_27022167.23-P1P2	-0.375555053376	0.0662179485637	-0.455450506732	0.0746871680689
ARID1A_-_27022243.23-P1P2	-0.207129146002	0.0259626606117	-0.2036298939	0.0248496140819
ARRDC3_+_90679525.23-P1P2	-0.0949492466764	0.0381451491876	-0.0946584205525	0.0209974741112
ARRDC3_-_90679309.23-P1P2	-0.134864113444	0.0276334899717	-0.12806783985	0.0356533924176
ATL1_+_50999374.23-P1P2	-0.427533503842	0.0909149393839	-0.520770683343	0.0562457485493
ATL1_-_50999367.23-P1P2	-0.378719271527	0.0770718302731	-0.366658805159	0.0513475951303
BAK1_+_33548177.23-P1P2	-0.401722693595	0.0908572447809	-0.445390675228	0.0649871396095
BAK1_-_33548176.23-P1P2	-0.423736774247	0.0884870650145	-0.434829052396	0.0715006101236
BCL2L11_+_111878321.23-P1	-0.142007862049	0.0396890267197	-0.167784283789	0.0373612240918
BCL2L11_-_111878313.23-P1	-0.068386920339	0.0431584475258	-0.0764671051643	0.0313753984541
BCORL1_+_129116278.23-P1P2	-0.0051532841155	0.0501010784641	0.00209584508185	0.0178819377699
BCORL1_+_129116290.23-P1P2	-0.0821716501216	0.0427286691288	-0.0994176438276	0.0326148726139
BCR_-_23522065.23-P1P2	-0.0273249051732	0.0470171726727	-0.0773322784804	0.0387909465804
BCR_-_23522198.23-P1P2	0.0185497155628	0.0538579834466	0.0392911416175	0.0202422472926
BPGM_+_134331304.23-P1P2	-0.0903705928379	0.0276849836596	-0.103396491782	0.0241931835207
BPGM_+_134331476.23-P1P2	-0.130669515396	0.0362235343227	-0.141756305724	0.0406075939396
C19orf26_+_1238161.23-P1P2	-0.160243367673	0.0217696778005	-0.179972353307	0.0236552283747
C19orf26_+_1238358.23-P1P2	-0.0812842309317	0.039592421323	-0.0853680186605	0.0233121952052
C3orf72_-_138665928.23-P1P2	-0.470242600632	0.0908360752208	-0.525309913968	0.0677842568467
C3orf72_-_138665944.23-P1P2	-0.53808898048	0.130282277454	-0.582432311748	0.0760309317715
CBFA2T3_+_89043662.23-P2	-0.165126519047	0.041966982526	-0.19994193819	0.0415105958139
CBFA2T3_+_89043673.23-P2	-0.134769648671	0.035930640258	-0.118625793963	0.0216074529729
CBL_+_119076546.23-P1P2	-0.109645014601	0.0267421655761	-0.114710484361	0.0242586215349
CBL_-_119076622.23-P1P2	-0.117929096139	0.029233442888	-0.116676241092	0.0371803735457
CDKN1A_+_36646320.23-P1P2	-0.284279683091	0.0531960492886	-0.285844539883	0.03144678939
CDKN1A_-_36646141.23-P1P2	-0.155331408869	0.0215994055029	-0.173154329208	0.0292513926759
CDKN1B_+_12869867.23-P1P2	-0.260397895291	0.0588502240772	-0.267972755687	0.0767537258465
CDKN1B_-_12869956.23-P1P2	-0.226141537468	0.0506767649233	-0.258414115784	0.0361675495698
CDKN1C_-_2907198.23-P1P2	-0.412892801244	0.0940714443848	-0.415667341376	0.0673266660415
CDKN1C_-_2907316.23-P1P2	-0.233321255431	0.0617920221447	-0.261802521987	0.0489503636641
CEBPA_+_33793624.23-P1P2	-0.574967132806	0.126518130246	-0.612383028967	0.0682692767706
CEBPA_+_33793774.23-P1P2	-0.731844780001	0.161875660607	-0.784020271764	0.0990586333679
CEBPB_+_48807216.23-P1P2	-0.45867923061	0.0984427867722	-0.518058613093	0.0300337760872
CEBPB_-_48807249.23-P1P2	-0.150112986656	0.0504607522007	-0.184488651213	0.0408923900008
CEBPE_+_23588994.23-P1P2	-0.504553497309	0.096527513697	-0.511376003519	0.0753790240998
CEBPE_-_23589034.23-P1P2	-0.298175822073	0.0476376719305	-0.341788529377	0.0338444755121
CELF2_+_11059740.23-P1P2	-0.174710655087	0.0601671705327	-0.109559539913	0.0605943223668
CELF2_+_11206754.23-P1P2	0.00302352190772	0.0566195304815	0.00395008105213	0.0504711752167
CITED1_+_71526082.23-P1	-0.317628462795	0.0606840500353	-0.372149005549	0.0653313848103
CITED1_-_71526062.23-P1	-0.0550398424727	0.0395519261943	-0.0510392200343	0.0271055431042
CKS1B_-_61808483.23-ENST00000600888.1	-0.147125584046	0.0407805618196	-0.162376952198	0.0363956648001
CLDN6_-_3068282.23-P1P2	-0.285765256351	0.0558410416138	-0.36209241657	0.0413705712402
CLDN6_-_3068298.23-P1P2	-0.197516425485	0.0558400231959	-0.234929372736	0.0387625778254
CNN1_+_11649447.23-P1	-0.0912992868048	0.0515900579292	-0.11720659533	0.0359197062642
CNN1_-_11649410.23-P1	-0.0903609181382	0.0449382671744	-0.0834722537395	0.0270933551205
CNNM4_-_97426363.23-P1P2	-0.162842263152	0.0242720575872	-0.187907814488	0.0249677745991
CNNM4_-_97426428.23-P1P2	-0.10398616056	0.0300212186946	-0.0904135274784	0.0276946484633
COL1A1_+_48279052.23-P1P2	-0.559697447388	0.119166747977	-0.556803778235	0.0965090972725
COL1A1_-_48279241.23-P1P2	-0.359932685043	0.06421844349	-0.427303704177	0.0475489286743
COL2A1_+_48398427.23-P1P2	-0.320812643091	0.0600748124947	-0.383094971241	0.0417941079824
COL2A1_+_48398512.23-P1P2	-0.339303846749	0.0566216308653	-0.339236899343	0.0523088020645
CSRNP1_+_39196217.23-P1P2	0.0837855621662	0.0687445507405	0.101390217126	0.0164663615848
CSRNP1_-_39196126.23-P1P2	0.0787593822982	0.0686880846567	0.104704783858	0.0438151360863
DLX2_-_172967775.23-P1P2	-0.121909803008	0.0236517775759	-0.147909715068	0.027596126678
DLX2_-_172967845.23-P1P2	-0.241010547399	0.0344753397956	-0.28552316113	0.0482143731533
DUSP9_+_152912501.23-P1	-0.357272488109	0.0585014360424	-0.357872654857	0.0454413486952
DUSP9_+_152912564.23-P1	-0.323730255962	0.050967189709	-0.354586070164	0.0334445236148
EGR1_+_137800818.23-P1	-0.17079581112	0.0322068873658	-0.191300682747	0.0288642738544
EGR1_-_137801018.23-P1	-0.0852876973874	0.03318221983	-0.0641726745204	0.0238089146975
ELMSAN1_+_74227119.23-P1	0.0201271331859	0.0542606589989	0.0230384004209	0.0190053080192
ELMSAN1_-_74227099.23-P1	0.0308642588033	0.0560268273173	0.0383170071201	0.015986981197
ETS2_+_40177604.23-P1P2	-0.137408045263	0.0298954099762	-0.139934696017	0.0209783705133
ETS2_-_40177491.23-P1P2	-0.106877202653	0.0335488093172	-0.100905661958	0.0183026600353
FEV_+_219850574.23-P1P2	-0.161321658791	0.0664325938736	-0.182349145498	0.0966136195127
FEV_+_219850595.23-P1P2	-0.162503891504	0.0373160546998	-0.181341881681	0.0269119851405
FOSB_+_45971009.23-P1	-0.144002840422	0.0433967119536	-0.165938718189	0.041825128388
FOSB_-_45971150.23-P1	-0.148889484494	0.024894093361	-0.147677078208	0.0317238449456
FOXA1_-_38064459.23-P1P2	-0.185943404695	0.023185726685	-0.202128538999	0.0348803642909
FOXA1_-_38064583.23-P1P2	-0.274276462373	0.057706607871	-0.306107313383	0.0377163608915
FOXA3_+_46367435.23-P1P2	-0.344785419403	0.0675618591931	-0.405484571386	0.0504687017062
FOXA3_-_46367354.23-P1P2	-0.120977178392	0.0299328590493	-0.127333918309	0.0231141271778
FOXF1_+_86544016.23-P1P2	-0.313846262628	0.0457055240744	-0.352639546108	0.0351043122398
FOXF1_-_86543821.23-P1P2	-0.102112509549	0.0345946590319	-0.109244229745	0.0232785208475
FOXL2_+_138666046.23-P1P2	-0.372437156985	0.0838612239351	-0.406316060091	0.0654021391888
FOXL2_+_138666114.23-P1P2	-0.137213479032	0.0383169618318	-0.145988350843	0.0182086277598
FOXO4_-_70315829.23-P1P2	-0.416450388759	0.0767880229489	-0.463890679235	0.0642301821667
FOXO4_-_70315963.23-P1P2	-0.429743506795	0.0790113149433	-0.495194488134	0.0502375565664
GCH1_-_55369782.23-P1P2	0.0351511642926	0.0577956690708	0.0606421984167	0.0263920599069
GCH1_-_55369897.23-P1P2	0.0099345900014	0.0520359032706	0.0189247921371	0.0268225645217
GLB1L2_+_134201608.23-P1P2	-0.0180384681462	0.0481773848735	-0.0107632038536	0.0272834321869
GLB1L2_+_134201679.23-P1P2	-0.129136344278	0.0395637850333	-0.120842696467	0.0386735399284
HES7_-_8027532.23-P1P2	-0.177029206214	0.0	-0.179957359012	0.0113406870228
HES7_-_8027539.23-P1P2	-0.450406238415	0.0966887942722	-0.514779092677	0.0678495772514
HK2_+_75060993.23-P1P2	-0.0957305370017	0.0323753411296	-0.0847322434617	0.0218816417467
HK2_+_75061007.23-P1P2	-0.0887878378172	0.0276426586918	-0.0710099538032	0.0346386659288
HNF4A_+_43029788.23-P1P2	-0.417930592975	0.0985189828649	-0.478218523575	0.0554012180762
HNF4A_-_43029858.23-P1P2	-0.283237501803	0.0504082465802	-0.321925272088	0.0501359483532
HOXA13_+_27239889.23-P1P2	-0.611367872938	0.129431987933	-0.684924713921	0.084773394022
HOXA13_+_27240051.23-P1P2	-0.40298012638	0.0815019864185	-0.477453592733	0.0446817412299
HOXB9_+_46704211.23-P1P2	-0.145764035285	0.0422835863079	-0.317442340833	0.0478542478478
HOXB9_-_46704088.23-P1P2	-0.117130727762	0.0441305711497	-0.102712315895	0.0239213925911
HOXC13_+_54332230.23-P1P2	-0.516582407042	0.102258204916	-0.542805031613	0.0444603399929
HOXC13_-_54332182.23-P1P2	-0.395309990734	0.0796057320278	-0.454720883438	0.0434360905894
IER5L_+_131940706.23-P1P2	-0.328110178763	0.0463223315783	-0.353001753408	0.0487370318748
IER5L_+_131940785.23-P1P2	-0.318707426424	0.0761269798892	-0.370457544885	0.0547576913845
IGDCC3_+_65670566.23-P1P2	-0.301343235224	0.0550991853576	-0.318173141819	0.063434405989
IGDCC3_-_65670556.23-P1P2	-0.247385147978	0.0275189143848	-0.265573445399	0.0261059466812
IKZF3_-_38020553.23-P1P2	-0.398971480212	0.0698892859438	-0.456126776339	0.0512287995821
IKZF3_-_38020571.23-P1P2	-0.469401728993	0.0852221499596	-0.512656319634	0.0462095899134
IRF1_+_131826642.23-P1P2	-0.193867417137	0.0525405957034	-0.212645764959	0.0415202639141
IRF1_-_131826619.23-P1P2	-0.0377444191051	0.0473304087684	-0.0395266029011	0.0369791128627
ISL2_+_76628878.23-P1P2	-0.177029206214	0.0	-0.181432034447	0.0119245031472
ISL2_-_76628853.23-P1P2	-0.141699083928	0.0311939685163	-0.138247959874	0.0395130601844
JUN_+_59249990.23-P1P2	-0.30383161859	0.0471295585209	-0.415118915718	0.0595356644699
JUN_-_59249929.23-P1P2	-0.169876062097	0.0193765017198	-0.186287048778	0.0286293220132
KIAA1804_-_233463315.23-P1P2	-0.312390467909	0.0515946873311	-0.322203031201	0.0423646400898
KIAA1804_-_233463431.23-P1P2	-0.210186821417	0.0433263835065	-0.287186183168	0.05690741053
KIF18B_-_43025293.23-P1P2	-0.219899927961	0.0373098078778	-0.243794269134	0.0310193016106
KIF18B_-_43025338.23-P1P2	-0.178857185377	0.0439836157837	-0.220102141005	0.051680932209
KIF2C_-_45205402.23-P1P2	-0.144085694472	0.0407261435501	-0.168604834176	0.0287926768815
KIF2C_-_45205435.23-P1P2	-0.0520857719362	0.0367107853474	-0.0523841199298	0.0262874722676
KLF1_+_12998353.23-P1P2	0.150155792905	0.0853432750532	0.158650766243	0.0109682258718
KLF1_-_12998104.23-P1P2	0.120489709672	0.0787019950658	0.162319935549	0.0180077948288
KMT2A_+_118306901.23-P1P2	-0.0819227111926	0.0348904447119	-0.103580984336	0.0180768663108
KMT2A_+_118306992.23-P1P2	-0.0590382559457	0.0340409063019	-0.0634771118754	0.0386158910672
LHX1_+_35293939.23-P1P2	-0.181335487839	0.0244648124687	-0.181308628131	0.0281810717447
LHX1_+_35293972.23-P1P2	-0.187836818503	0.0301934025767	-0.229314451026	0.0335219689662
LYL1_+_13213738.23-P1P2	-0.0491283294604	0.0378190809245	-0.0520196470597	0.0193637178509
LYL1_-_13213808.23-P1P2	-0.0873539474957	0.031124147344	-0.0902942460133	0.0271572357494
MAML2_-_96076499.23-P1P2	0.0482132470033	0.0594971819353	0.0642950252444	0.0239234544689
MAML2_-_96076530.23-P1P2	0.0450445399747	0.0599843681082	0.0636771145753	0.0227166004137
MAP2K3_-_21187851.23-P1P2	-0.00124494246463	0.0529278214241	0.00325591064588	0.0281363160548
MAP2K3_-_21187855.23-P1P2	0.0950296161802	0.0715815021193	0.116561131952	0.0219393780375
MAP2K6_+_67410733.23-P1P2	0.0573014489565	0.0630023513564	0.0702277508433	0.0149329877138
MAP2K6_+_67410755.23-P1P2	0.0750239232216	0.0665621570074	0.0894345098967	0.0244482736505
MAP4K3_+_39664546.23-P1P2	-0.177029206214	0.0	-0.177029206214	0.0
MAP4K3_+_39664622.23-P1P2	-0.0688279335354	0.0316025315657	-0.0863512850286	0.0523184250708
MAP4K5_-_50999552.23-P1P2	-0.1000277307	0.0398765935534	-0.107651183518	0.0274576449925
MAP4K5_-_50999632.23-P1P2	-0.0686114321414	0.0480846208773	-0.0762162681488	0.0269803245456
MAP7D1_+_36621448.23-P1P2	-0.0928154639878	0.0366034339226	-0.119332866254	0.0291604514461
MAP7D1_+_36621468.23-P1P2	-0.125896806754	0.0299564845852	-0.132706765017	0.0272407480453
MAPK1_+_22222272.23-P1P2	-0.185319184429	0.0372562647376	-0.197426107428	0.0299409267418
MAPK1_-_22222117.23-P1P2	-0.012579192727	0.0522109509193	-0.0145633347712	0.0228118427063
MCOLN3_-_85514289.23-P1P2	-0.0405263721833	0.0418757856227	-0.0305360562079	0.0272851920322
MCOLN3_-_85514516.23-P1P2	-0.0113467773233	0.0521420180364	-0.00794349590692	0.0270708311054
MEIS1_+_66662147.23-P1P2	-0.13138705185	0.0224839918558	-0.138675869756	0.0325483321995
MEIS1_+_66662171.23-P1P2	-0.137303273917	0.0303966816822	-0.129084539756	0.0280836332189
MIDN_+_1248189.23-P2	-0.188357434869	0.0411909393976	-0.229963642642	0.0424514161559
MIDN_-_1248372.23-P2	-0.310291279962	0.0691512021094	-0.395518150112	0.0606708409602
NCL_-_232329542.23-P1	-0.0869620227104	0.0530194290023	-0.0955260221746	0.0283527258371
NCL_-_232329555.23-P1	-0.0973971059394	0.0355595698494	-0.0943278197911	0.0251822870719
NIT1_+_161087777.23-P1P2	-0.322107733428	0.0918944937272	-0.281140535268	0.0738152452078
NIT1_+_161087799.23-P1P2	-0.570596223667	0.118858585877	-0.611715064757	0.0944445418906
OSR2_-_99956563.23-P1P2	-0.0488818088338	0.0441298635224	-0.0755087931085	0.025648316581
OSR2_-_99956605.23-P1P2	-0.201269499501	0.0641785725774	-0.253649013267	0.0513222348346
PEG10_+_94285426.23-P1	-0.0902735974903	0.0359023227966	-0.114522031751	0.0240203586314
PEG10_+_94285507.23-P1	-0.172278481463	0.0291372884882	-0.177029206214	0.0
PIK3CB_+_138553654.23-P1P2	-0.022336951254	0.0439908996315	-0.0323992766051	0.032111450108
PIK3CB_-_138553855.23-P1P2	-0.177029206214	0.0	-0.450031328763	0.0550003424512
PLEKHO2_+_65133841.23-P1P2	-0.407413233631	0.0926683753863	-0.440143722272	0.055035996284
PLEKHO2_+_65133906.23-P1P2	-0.20661139436	0.0555180444413	-0.221304225415	0.0603250023013
PLK4_+_128801906.23-P1P2	-0.13923700312	0.0530861945882	-0.287110551429	0.0547285079489
PLK4_-_128801714.23-P1P2	-0.0505194540602	0.0397450596082	-0.0396145583184	0.0227465246345
POU3F2_-_99282213.23-P1P2	-0.216127461838	0.0296605343897	-0.216875104144	0.042536255424
POU3F2_-_99282242.23-P1P2	-0.188589728457	0.0250120348474	-0.197539487137	0.0202707737222
PRDM1_-_106534082.23-P1P2	-0.419441709408	0.0825444936227	-0.467048232798	0.0448667460405
PRDM1_-_106534101.23-P1P2	-0.487656281775	0.121534475761	-0.550354483184	0.0709631455836
PRTG_+_56035430.23-P1P2	-0.388846384511	0.0693221413626	-0.415760176032	0.0544169522697
PRTG_-_56035322.23-P1P2	-0.205557132895	0.0406512584493	-0.238260865147	0.0300842649435
PTPN12_-_77166401.23-P1P2	-0.0504189176276	0.0421013825788	-0.0508724351234	0.0292568918015
PTPN12_-_77166524.23-P1P2	-0.0636056543665	0.0358077035127	-0.0787812564993	0.0157035521607
PTPN13_+_87556134.23-P1P2	-0.0114088915929	0.0477204345381	-0.00338891759545	0.0161692368656
PTPN13_-_87515370.23-P1P2	-0.31289037569	0.0606594207203	-0.402363477803	0.0421531349999
PTPN1_-_49126654.23-P1P2	-0.312631711605	0.0557782832828	-0.322171839416	0.0313864224704
PTPN1_-_49126776.23-P1P2	-0.182146574733	0.0281100389255	-0.201175502103	0.0319113458333
PTPN9_-_75871727.23-P1P2	-0.0601499762813	0.0375198612475	-0.0648392671092	0.0337035543221
PTPN9_-_75871826.23-P1P2	-0.100008960226	0.0327794776514	-0.0956849881043	0.0204484929958
RHOXF2_+_119292271.23-ENST00000371388.3	-0.294575395588	0.0609113382003	-0.379698933552	0.0562912944494
RHOXF2_+_119292286.23-ENST00000371388.3	-0.356844141115	0.0690509635219	-0.474971717126	0.0582067330911
RREB1_+_7107827.23-P1P2	-0.136559215962	0.0291464369364	-0.164749406978	0.0297473744214
RREB1_+_7107890.23-P1P2	-0.256096124101	0.0527095258421	-0.320801640967	0.050022043885
RUNX1T1_+_93115566.23-P2	-0.0621760809986	0.0337251305806	-0.0520156993987	0.0211087084393
RUNX1T1_+_93115606.23-P2	-0.0754875161	0.0337075969019	-0.0609375513241	0.0269788401876
S1PR2_+_10342062.23-P1P2	-0.183565005009	0.0452934272185	-0.224995681258	0.0490060995377
S1PR2_+_10342094.23-P1P2	-0.138833677085	0.0223546303495	-0.136101861408	0.0308319515154
SAMD1_+_14201604.23-P1P2	-0.184004716539	0.0379234023164	-0.192626859141	0.0270791376232
SAMD1_+_14201736.23-P1P2	-0.279321597153	0.046960423954	-0.360074526522	0.046116368302
SET_+_131451355.23-P1P2	-0.216562281411	0.0473379612675	-0.218766952278	0.0515124554628
SET_-_131451279.23-P1P2	-0.104871784098	0.0238578565602	-0.106543814735	0.0241775369035
SGK1_+_134496352.23-P1	-0.0317865585335	0.0436054607442	-0.0285784610331	0.0161803538795
SGK1_-_134496214.23-P1	-0.219448942377	0.0434774380276	-0.233311602904	0.041092648932
SLC38A2_+_46766709.23-P1P2	0.0172410087063	0.0510356418949	0.0282542637099	0.0201878893043
SLC38A2_+_46766743.23-P1P2	0.0120634002747	0.0520119423986	0.0125105158544	0.0207124121597
SLC4A1_+_42345604.23-P1P2	-0.450008790972	0.0889577026622	-0.491795143015	0.0637730416513
SLC4A1_+_42345700.23-P1P2	-0.320673488334	0.0683073266162	-0.357602424755	0.0410768459267
SLC6A9_+_44497266.23-P1P2	-0.048684946684	0.0408897294652	-0.0444327755778	0.0255059331592
SLC6A9_+_44497273.23-P1P2	-0.0457948782942	0.0390759251105	-0.0330218122754	0.0239651084643
SNAI1_+_48599301.23-P1P2	-0.189064946064	0.0343196198998	-0.193177746402	0.0444256601961
SNAI1_+_48599338.23-P1P2	-0.321670528099	0.0525709387213	-0.357345001859	0.0735122196846
SPI1_+_47400397.23-P1P2	-0.43568861104	0.107277326353	-0.543524050743	0.090142530953
SPI1_+_47400477.23-P1P2	-0.423667513192	0.0849870364176	-0.432438684874	0.0553413139369
STIL_-_47779900.23-P1P2	-0.120319428789	0.0459173017958	-0.129022697015	0.0421652821534
STIL_-_47780136.23-P1P2	-0.357360575725	0.0627220946734	-0.396299004443	0.0431731248897
TBX2_+_59476912.23-P1P2	0.0169888746383	0.0563996324943	0.023900156694	0.0256222576291
TBX2_+_59477100.23-P1P2	-0.100465822175	0.0358691421208	-0.126776013741	0.0418549587663
TBX3_+_115122163.23-P1P2	-0.0270011181338	0.0431427746289	-0.0246740269523	0.0287176063531
TBX3_-_115122232.23-P1P2	-0.140294638382	0.0338251358292	-0.174360568565	0.0343391661797
TGFBR2_-_30647895.23-P1P2	-0.0422782539782	0.047724415765	-0.0287067939322	0.0436212954269
TGFBR2_-_30647920.23-P1P2	-0.0556366519985	0.0371709662667	-0.0645458476699	0.0179533750368
TMEM173_+_138862463.23-P1P2	-0.0306235419572	0.0514980184057	-0.0276609044024	0.0289556155584
TMEM173_-_138862534.23-P1P2	-0.00873547801952	0.0532289889319	0.00228499124575	0.0291469487936
TMSB4X_+_12993106.23-P1	-0.0498707849298	0.0350130278263	-0.041250055403	0.0207928516933
TMSB4X_+_12993114.23-P1	-0.038010403776	0.0386444222577	-0.0338105315181	0.015123098054
TP73_+_3568744.23-P1P2	-0.581270894923	0.136388187748	-0.630319816453	0.0745511964257
TP73_-_3568729.23-P1P2	-0.596934552009	0.121514835184	-0.651838775762	0.103893859044
TSC22D1_-_45011354.23-P1P2	-0.0929916642143	0.0252475533111	-0.0773141114929	0.0287242744722
TSC22D1_-_45011365.23-P1P2	-0.0724095547894	0.0320583966455	-0.0698438931595	0.011098303389
UBASH3A_+_43823772.23-P1P2	-0.0930318095059	0.0347688932524	-0.0957246805271	0.0269597523064
UBASH3A_-_43823838.23-P1P2	-0.0640571602262	0.0368505320674	-0.0543264897745	0.0354908884248
UBASH3B_+_122526277.23-P1P2	-0.0998206698029	0.0293595878678	-0.0897137050585	0.0141943887083
UBASH3B_-_122526266.23-P1P2	-0.110027606939	0.026945007524	-0.106551735996	0.0317330128577
ZBTB10_+_81398318.23-P1P2	-0.487278822504	0.0964918196198	-0.537379171816	0.0679951206558
ZBTB10_-_81398128.23-P1P2	-0.319746679366	0.0595371749285	-0.358456719032	0.0399553628469
ZBTB1_+_64970303.23-P1P2	-0.201566893936	0.0448213380417	-0.212527739425	0.0384668916528
ZBTB1_-_64971139.23-P1P2	-0.0911306748617	0.0295359369929	-0.0953815876793	0.0271901780172
ZBTB25_-_64971433.23-P1P2	-0.0165646628392	0.0437849356757	-0.00714682361636	0.0166564628287
ZBTB25_-_64971449.23-P1P2	-0.0968758717734	0.0326157797026	-0.0951958433057	0.0357447052508
ZC3HAV1_+_138794557.23-P1P2	0.0812443780758	0.0684451627933	0.0900441250408	0.0246609213863
ZC3HAV1_+_138794578.23-P1P2	0.109439780036	0.0748387814669	0.12907127985	0.0159919618082
ZNF318_+_43337335.23-P1P2	-0.0613292909698	0.0405290709453	-0.0623926881008	0.0347508347878
ZNF318_-_43337365.23-P1P2	-0.0268442305324	0.0468956370432	-0.0245603923505	0.0179939169275
negative_control_0	-0.00554443652975	0.0508383930275	0.0149663216416	0.0290734535451
negative_control_1	-0.0100876006363	0.0456372208774	0.000676938160467	0.0173606615193
negative_control_10	-0.00795660071765	0.0468112771607	-0.0013553933727	0.030422449171
negative_control_11	-0.0035092563929	0.0532997657965	0.00732553935943	0.022328658706
negative_control_12	-0.00815220681556	0.0483686856127	-0.0027685742306	0.016002225302
negative_control_13	0.00154563300417	0.0519463147975	0.0115315619975	0.0260429084837
negative_control_14	-0.0187944870196	0.0436673938521	-0.0102622654669	0.0173450332107
negative_control_15	-0.00958764266785	0.0504376196684	0.00460408240206	0.0192682437398
negative_control_2	-0.00930977560664	0.0491443919775	0.0146352153511	0.021416097993
negative_control_3	-0.0363255940114	0.0469009389078	-0.0376140844441	0.0288112524901
negative_control_4	-0.0100374706906	0.047773411952	0.0027072983121	0.0122673737017
negative_control_5	-0.0131711860609	0.0596229338996	-0.177029206214	0.0
negative_control_6	-0.00654986958542	0.0480738964403	0.0110457455895	0.0206823575797
negative_control_7	0.0196727321583	0.0557988743025	0.0394042317171	0.0215289707686
negative_control_8	0.00393544181645	0.0517130937058	0.00511149408944	0.024863994289
negative_control_9	-0.00361373830947	0.0488432135621	-0.000464962957408	0.0252215077644
