	b.mean	b.std	a.mean	a.std
AHR_-_17338164.23-P1P2	-0.312146679503	0.0620666749465	-0.351028282717	0.0425059781945
AHR_-_17338168.23-P1P2	-0.292226040063	0.0545544904059	-0.345626873273	0.0423202521347
ARID1A_+_27022167.23-P1P2	-0.379347655699	0.0725730011511	-0.444071801789	0.0558029053111
ARID1A_-_27022243.23-P1P2	-0.211234541484	0.0263598739895	-0.2092725425	0.0252125042106
ARRDC3_+_90679525.23-P1P2	-0.0989750028411	0.0290002623315	-0.0969181736291	0.0163185282758
ARRDC3_-_90679309.23-P1P2	-0.148154071193	0.0198411484062	-0.150016782491	0.0307048237049
ATL1_+_50999374.23-P1P2	-0.428000522969	0.0870274585536	-0.490137188606	0.0417934166308
ATL1_-_50999367.23-P1P2	-0.36823176034	0.070860877042	-0.366416662216	0.039369434842
BAK1_+_33548177.23-P1P2	-0.373424813679	0.0826367533392	-0.413540721922	0.0539992958943
BAK1_-_33548176.23-P1P2	-0.401420822573	0.0826583488899	-0.425951053934	0.0520970321993
BCL2L11_+_111878321.23-P1	-0.1360765756	0.0369236260821	-0.157493371975	0.0298301124616
BCL2L11_-_111878313.23-P1	-0.0656770881083	0.0360163779706	-0.0759629620852	0.0234631800637
BCORL1_+_129116278.23-P1P2	-0.0167718824646	0.0398736008087	-0.0124801270583	0.0143487914669
BCORL1_+_129116290.23-P1P2	-0.083977180355	0.0339189291947	-0.105228941147	0.0243875303873
BCR_-_23522065.23-P1P2	-0.0217977448822	0.0439269910829	-0.0663888859089	0.0392419127134
BCR_-_23522198.23-P1P2	0.0210689695807	0.0485188346005	0.0458213054428	0.015956862405
BPGM_+_134331304.23-P1P2	-0.094617444545	0.0187883598853	-0.099272025305	0.0220093350944
BPGM_+_134331476.23-P1P2	-0.131787262528	0.026787582149	-0.146805743373	0.025653498278
C19orf26_+_1238161.23-P1P2	-0.152657306887	0.0158602715682	-0.174098730117	0.0202069848912
C19orf26_+_1238358.23-P1P2	-0.0827128857346	0.0357040718364	-0.0848548786293	0.0207326417221
C3orf72_-_138665928.23-P1P2	-0.445200292918	0.0873284060367	-0.495308766925	0.0606827648267
C3orf72_-_138665944.23-P1P2	-0.519930393742	0.111922673743	-0.555431046195	0.0473875264652
CBFA2T3_+_89043662.23-P2	-0.171232795235	0.0348231719484	-0.199094332769	0.0372092427149
CBFA2T3_+_89043673.23-P2	-0.137756270095	0.0226261214409	-0.134588931518	0.0176546556128
CBL_+_119076546.23-P1P2	-0.119177365338	0.0195019269647	-0.120935498735	0.016751355768
CBL_-_119076622.23-P1P2	-0.119637384532	0.0224970450134	-0.125387656485	0.0310088922156
CDKN1A_+_36646320.23-P1P2	-0.281347063867	0.0483456792352	-0.295649416134	0.0261599606826
CDKN1A_-_36646141.23-P1P2	-0.156741350006	0.0174483133266	-0.181825145577	0.0191937905273
CDKN1B_+_12869867.23-P1P2	-0.260908095444	0.0492997098015	-0.27952518584	0.0433478225341
CDKN1B_-_12869956.23-P1P2	-0.23069808947	0.053442646658	-0.262126840373	0.0359542719512
CDKN1C_-_2907198.23-P1P2	-0.39970491742	0.078710617044	-0.396729131358	0.0493035477782
CDKN1C_-_2907316.23-P1P2	-0.221029158619	0.0402908646629	-0.263159990958	0.0376025537059
CEBPA_+_33793624.23-P1P2	-0.561272616623	0.123407660506	-0.599094629641	0.0481842073736
CEBPA_+_33793774.23-P1P2	-0.710137328156	0.150887297963	-0.753504543956	0.0844385167245
CEBPB_+_48807216.23-P1P2	-0.430135650233	0.0922101662953	-0.494178258806	0.0298370208945
CEBPB_-_48807249.23-P1P2	-0.142322226671	0.0456310303796	-0.178136228282	0.0371539750444
CEBPE_+_23588994.23-P1P2	-0.490179328048	0.096107758321	-0.50646482269	0.0540765665665
CEBPE_-_23589034.23-P1P2	-0.291514918697	0.0450326034204	-0.327562334035	0.0318508490675
CELF2_+_11059740.23-P1P2	-0.176585975602	0.0527933473346	-0.103879973277	0.0451108532027
CELF2_+_11206754.23-P1P2	-0.0145497619286	0.0435298804983	-2.37626258749e-05	0.0181762371732
CITED1_+_71526082.23-P1	-0.31464449978	0.064243052661	-0.36886470079	0.0469704765362
CITED1_-_71526062.23-P1	-0.0524149734465	0.0362286968683	-0.0462644652811	0.0264812716893
CKS1B_-_61808483.23-ENST00000600888.1	-0.151323552943	0.0334724711572	-0.175167717264	0.0354383351939
CLDN6_-_3068282.23-P1P2	-0.266851697693	0.0527386983242	-0.338645389977	0.0374875627799
CLDN6_-_3068298.23-P1P2	-0.191964538963	0.0468413314497	-0.229538632256	0.0327855843184
CNN1_+_11649447.23-P1	-0.0820530107066	0.0442740997366	-0.111918480406	0.03367161764
CNN1_-_11649410.23-P1	-0.101308124113	0.0369487214725	-0.0955598492907	0.0256088772838
CNNM4_-_97426363.23-P1P2	-0.159990478953	0.0240267385619	-0.177781226837	0.0176087904314
CNNM4_-_97426428.23-P1P2	-0.101179215603	0.0250436479568	-0.100907472588	0.01740088124
COL1A1_+_48279052.23-P1P2	-0.52277388829	0.103213180651	-0.516010815263	0.0731104230641
COL1A1_-_48279241.23-P1P2	-0.354160399753	0.0659176712511	-0.407855778947	0.0462275507274
COL2A1_+_48398427.23-P1P2	-0.331982300289	0.0557397371362	-0.380711563836	0.038555979512
COL2A1_+_48398512.23-P1P2	-0.328763183011	0.0539782672102	-0.331739639423	0.0277101469514
CSRNP1_+_39196217.23-P1P2	0.0829903459498	0.0618550978673	0.101493888815	0.013685869012
CSRNP1_-_39196126.23-P1P2	0.0784598705351	0.0618055953068	0.0984378480622	0.0264004105305
DLX2_-_172967775.23-P1P2	-0.126064532483	0.0187696449767	-0.143817681888	0.0221131805713
DLX2_-_172967845.23-P1P2	-0.245254032569	0.0354069937068	-0.278886520686	0.0328381548298
DUSP9_+_152912501.23-P1	-0.33236658128	0.0539822268208	-0.33970917666	0.0367977632898
DUSP9_+_152912564.23-P1	-0.316477343035	0.0510157931529	-0.339662339107	0.0168604051134
EGR1_+_137800818.23-P1	-0.166590299584	0.025429542611	-0.187590938173	0.0227128146573
EGR1_-_137801018.23-P1	-0.0746528549518	0.0304849054446	-0.0597225258357	0.0205123616715
ELMSAN1_+_74227119.23-P1	0.0267816467853	0.047607187305	0.031379264758	0.0166381706094
ELMSAN1_-_74227099.23-P1	0.0392444295857	0.0511365238355	0.0478890950297	0.0112044365597
ETS2_+_40177604.23-P1P2	-0.139008471287	0.0254313258979	-0.147490071289	0.0203413957224
ETS2_-_40177491.23-P1P2	-0.106886309034	0.0258543251861	-0.0991737655774	0.0172496273983
FEV_+_219850574.23-P1P2	-0.152590652561	0.0447349621933	-0.175915136917	0.0542651472847
FEV_+_219850595.23-P1P2	-0.163139684294	0.0264458686896	-0.180663027399	0.0244989448303
FOSB_+_45971009.23-P1	-0.143096676127	0.0446131692333	-0.161220849186	0.0377360099157
FOSB_-_45971150.23-P1	-0.139718807665	0.0220725514879	-0.141639166858	0.0253415541005
FOXA1_-_38064459.23-P1P2	-0.176705476808	0.0244862072525	-0.194495808723	0.0275854775932
FOXA1_-_38064583.23-P1P2	-0.2626953331	0.0549224911494	-0.296622680714	0.0322265546489
FOXA3_+_46367435.23-P1P2	-0.32566559273	0.0657202312983	-0.382137472501	0.0433536302156
FOXA3_-_46367354.23-P1P2	-0.114635591144	0.0240266730291	-0.125151013436	0.020643436926
FOXF1_+_86544016.23-P1P2	-0.302727862377	0.0425597334207	-0.346967246385	0.0299876285768
FOXF1_-_86543821.23-P1P2	-0.105070431088	0.030264331049	-0.110786210742	0.0207218673407
FOXL2_+_138666046.23-P1P2	-0.35116726592	0.0730442191008	-0.398924106808	0.0568731505119
FOXL2_+_138666114.23-P1P2	-0.132611642857	0.0280598056556	-0.134525162531	0.0183038768272
FOXO4_-_70315829.23-P1P2	-0.402782515575	0.0711542831609	-0.442196784177	0.0399697681196
FOXO4_-_70315963.23-P1P2	-0.40260226919	0.0744144614582	-0.466578868685	0.0424098045038
GCH1_-_55369782.23-P1P2	0.0272633691238	0.0491011567034	0.0488987240725	0.0155560850599
GCH1_-_55369897.23-P1P2	0.00448601449041	0.0454192893148	0.0117133507034	0.0178740366844
GLB1L2_+_134201608.23-P1P2	-0.0205184464343	0.0405647095852	-0.015522004733	0.0191567607403
GLB1L2_+_134201679.23-P1P2	-0.132577082373	0.0344656956944	-0.126545055603	0.0315154458435
HES7_-_8027532.23-P1P2	-0.155974200851	0.0111333808213	-0.15974004033	0.0257184144072
HES7_-_8027539.23-P1P2	-0.438938718936	0.0833352799442	-0.496781122829	0.0369165027724
HK2_+_75060993.23-P1P2	-0.0989035079101	0.0244291128853	-0.0937473635731	0.0167334482996
HK2_+_75061007.23-P1P2	-0.0922504771516	0.0205349532483	-0.0772213314788	0.018384764801
HNF4A_+_43029788.23-P1P2	-0.408231466019	0.0814042547812	-0.465797636456	0.0287245725116
HNF4A_-_43029858.23-P1P2	-0.274380122922	0.0495982244479	-0.318143937347	0.0418603771331
HOXA13_+_27239889.23-P1P2	-0.583546187876	0.120968819142	-0.669622236209	0.0584549464974
HOXA13_+_27240051.23-P1P2	-0.397192399963	0.0865228489844	-0.45579763398	0.038111142892
HOXB9_+_46704211.23-P1P2	-0.142941492372	0.0379613314323	-0.311024148845	0.0356366786368
HOXB9_-_46704088.23-P1P2	-0.11061916626	0.0399833274862	-0.10859118009	0.0264347313113
HOXC13_+_54332230.23-P1P2	-0.490356081847	0.0922770505077	-0.524500658557	0.0332878887044
HOXC13_-_54332182.23-P1P2	-0.388197260296	0.0762810419324	-0.449401151816	0.0417645506221
IER5L_+_131940706.23-P1P2	-0.32961253369	0.0511477566941	-0.348503890893	0.025567585407
IER5L_+_131940785.23-P1P2	-0.312021826423	0.0592714133108	-0.36343082406	0.0317827567399
IGDCC3_+_65670566.23-P1P2	-0.287552003832	0.0514696022565	-0.31228670248	0.043122181692
IGDCC3_-_65670556.23-P1P2	-0.237993987489	0.0352285272846	-0.256311239087	0.0263508929367
IKZF3_-_38020553.23-P1P2	-0.370918948618	0.0628378944048	-0.429117277201	0.0260577781327
IKZF3_-_38020571.23-P1P2	-0.45248727562	0.0854043458895	-0.498070277013	0.038673278742
IRF1_+_131826642.23-P1P2	-0.200002146792	0.049544094537	-0.223268691177	0.0339084883916
IRF1_-_131826619.23-P1P2	-0.0470071577377	0.037575309851	-0.051217752068	0.0227680445798
ISL2_+_76628878.23-P1P2	-0.153874809085	0.00300247147587	-0.15147042637	0.0130955984782
ISL2_-_76628853.23-P1P2	-0.134403284579	0.0240998231403	-0.135824591333	0.0248397530099
JUN_+_59249990.23-P1P2	-0.302872418203	0.0499410438066	-0.399864768037	0.0331755467595
JUN_-_59249929.23-P1P2	-0.170823104251	0.0210525673166	-0.183218005571	0.0235105451346
KIAA1804_-_233463315.23-P1P2	-0.308806890137	0.0542066154434	-0.323090944137	0.0292279026088
KIAA1804_-_233463431.23-P1P2	-0.200591179228	0.0391201330616	-0.277877004804	0.0373871610426
KIF18B_-_43025293.23-P1P2	-0.228406193903	0.0313493101581	-0.242224300225	0.0184034274988
KIF18B_-_43025338.23-P1P2	-0.179220080298	0.0441600845649	-0.223291670656	0.0423841977646
KIF2C_-_45205402.23-P1P2	-0.145907684273	0.0318080767047	-0.162289885152	0.0235793674027
KIF2C_-_45205435.23-P1P2	-0.051126693485	0.0314986691124	-0.0530020323186	0.0151371654499
KLF1_+_12998353.23-P1P2	0.150121991174	0.0785814668871	0.161729583645	0.00965189944303
KLF1_-_12998104.23-P1P2	0.114039375979	0.0713724990438	0.149913419662	0.0175534338977
KMT2A_+_118306901.23-P1P2	-0.0979606144739	0.0256381546485	-0.107481266275	0.0218216397281
KMT2A_+_118306992.23-P1P2	-0.063746983727	0.0277649152115	-0.0741158192226	0.0231756370472
LHX1_+_35293939.23-P1P2	-0.176298660859	0.0193407872819	-0.187273389235	0.0245428976751
LHX1_+_35293972.23-P1P2	-0.187673800089	0.0280566435607	-0.234205926584	0.0319779646283
LYL1_+_13213738.23-P1P2	-0.0585475835608	0.0276777450955	-0.0594669090424	0.0108600891553
LYL1_-_13213808.23-P1P2	-0.0961979371431	0.0246876995848	-0.0972807126156	0.0211877307637
MAML2_-_96076499.23-P1P2	0.0548939902539	0.0551050322605	0.0642985971459	0.0156252934376
MAML2_-_96076530.23-P1P2	0.0563532737568	0.0556462881544	0.0676864582992	0.0143805660848
MAP2K3_-_21187851.23-P1P2	0.0112799420571	0.049350708826	0.0147600017583	0.0230840475956
MAP2K3_-_21187855.23-P1P2	0.10892455458	0.0686346162994	0.129910295192	0.0151298759609
MAP2K6_+_67410733.23-P1P2	0.0533422698121	0.0550924766014	0.0671491706114	0.0111956411584
MAP2K6_+_67410755.23-P1P2	0.0843267461975	0.0617989466036	0.101258015484	0.0187228446021
MAP4K3_+_39664546.23-P1P2	-0.153099574284	0.0	-0.153099574284	0.0
MAP4K3_+_39664622.23-P1P2	-0.0766700143244	0.0235868172532	-0.0818486625873	0.0291468336622
MAP4K5_-_50999552.23-P1P2	-0.0962443928172	0.0332203079381	-0.107568875051	0.0222201377119
MAP4K5_-_50999632.23-P1P2	-0.0627683264233	0.0372168214685	-0.080086094325	0.02077537116
MAP7D1_+_36621448.23-P1P2	-0.0859721506664	0.0304220301054	-0.105320520559	0.0163685370316
MAP7D1_+_36621468.23-P1P2	-0.110702926047	0.0262808922813	-0.125965747928	0.0195203302667
MAPK1_+_22222272.23-P1P2	-0.189768555117	0.0314930769256	-0.21436724567	0.0259205727043
MAPK1_-_22222117.23-P1P2	-0.015178367843	0.0423243028192	-0.0148056253947	0.0215166952617
MCOLN3_-_85514289.23-P1P2	-0.037188026611	0.0357798915523	-0.0287569827117	0.0214860066102
MCOLN3_-_85514516.23-P1P2	-0.010338360783	0.0412862362081	-0.00785749698508	0.0231698943895
MEIS1_+_66662147.23-P1P2	-0.124074897254	0.0246034781518	-0.137713987329	0.0401344237185
MEIS1_+_66662171.23-P1P2	-0.128410763792	0.0264870136398	-0.119391503096	0.026775705375
MIDN_+_1248189.23-P2	-0.183719792482	0.0338159646393	-0.217246863713	0.0276268688376
MIDN_-_1248372.23-P2	-0.300379382965	0.0670769463056	-0.371476281343	0.0389464390753
NCL_-_232329542.23-P1	-0.0899686165854	0.0371226061353	-0.0964945032011	0.0205532065599
NCL_-_232329555.23-P1	-0.0947062761438	0.026421483448	-0.100857309523	0.032002541739
NIT1_+_161087777.23-P1P2	-0.29984149505	0.0737976561617	-0.278343171395	0.0568381915498
NIT1_+_161087799.23-P1P2	-0.555088972563	0.123108844484	-0.58162526793	0.0432608751254
OSR2_-_99956563.23-P1P2	-0.0539826687551	0.0314336335382	-0.0751264575516	0.0142646514416
OSR2_-_99956605.23-P1P2	-0.191639408623	0.0610992960562	-0.227705198769	0.0469168450163
PEG10_+_94285426.23-P1	-0.0872183644114	0.0307772024808	-0.103144023113	0.0147496788075
PEG10_+_94285507.23-P1	-0.15616491749	0.0205268289289	-0.153099574284	0.0
PIK3CB_+_138553654.23-P1P2	-0.0252358630898	0.0388254983107	-0.030559152198	0.0209039630783
PIK3CB_-_138553855.23-P1P2	-0.153099574284	0.0	-0.433707629571	0.0433906352189
PLEKHO2_+_65133841.23-P1P2	-0.39299611942	0.0801387339146	-0.419954724351	0.0415653237017
PLEKHO2_+_65133906.23-P1P2	-0.190806074732	0.0512438482957	-0.207293812371	0.050472651356
PLK4_+_128801906.23-P1P2	-0.135306880558	0.0510231298464	-0.272164280245	0.0415976327668
PLK4_-_128801714.23-P1P2	-0.0499343882394	0.0319741609229	-0.0455595418509	0.0146370432808
POU3F2_-_99282213.23-P1P2	-0.2137103709	0.030531675584	-0.220880625636	0.0283105768017
POU3F2_-_99282242.23-P1P2	-0.183292837538	0.026447865993	-0.19005589808	0.0202521012899
PRDM1_-_106534082.23-P1P2	-0.392683701006	0.0710392815517	-0.435035123163	0.0393922459039
PRDM1_-_106534101.23-P1P2	-0.464329839014	0.101838423957	-0.510169179833	0.0395476878226
PRTG_+_56035430.23-P1P2	-0.376921678866	0.0651024467746	-0.39653510381	0.040110899571
PRTG_-_56035322.23-P1P2	-0.197779512331	0.0332003524407	-0.241586196599	0.0386203193436
PTPN12_-_77166401.23-P1P2	-0.0598850986648	0.0334137617969	-0.0564679182493	0.0149535162899
PTPN12_-_77166524.23-P1P2	-0.0778277970057	0.0244562957547	-0.0882405881547	0.012105324968
PTPN13_+_87556134.23-P1P2	-0.0142488662232	0.0402999057538	-0.00645440896764	0.0137153215419
PTPN13_-_87515370.23-P1P2	-0.291069078684	0.0572276501651	-0.37631529945	0.0396047137471
PTPN1_-_49126654.23-P1P2	-0.30489046103	0.0552152854197	-0.344176238691	0.0308031530397
PTPN1_-_49126776.23-P1P2	-0.192709691135	0.0207835916273	-0.211391857564	0.0229326827077
PTPN9_-_75871727.23-P1P2	-0.0695751282354	0.0307207781378	-0.0790233946015	0.023372121322
PTPN9_-_75871826.23-P1P2	-0.111536529355	0.0217756747203	-0.114621773861	0.014576101007
RHOXF2_+_119292271.23-ENST00000371388.3	-0.279247428867	0.0626207587716	-0.357979187823	0.0392637940673
RHOXF2_+_119292286.23-ENST00000371388.3	-0.34455079255	0.0693677629224	-0.446448033752	0.0445601542608
RREB1_+_7107827.23-P1P2	-0.126515365356	0.0285573181804	-0.155100105838	0.0288737259015
RREB1_+_7107890.23-P1P2	-0.249658985095	0.0522010968212	-0.303562214741	0.044004659377
RUNX1T1_+_93115566.23-P2	-0.0662569868856	0.0249651213026	-0.0576119098192	0.012860283374
RUNX1T1_+_93115606.23-P2	-0.0724675502065	0.0263804653908	-0.0674713183474	0.0179653352769
S1PR2_+_10342062.23-P1P2	-0.172717670591	0.0507513569131	-0.201768073027	0.0407487941972
S1PR2_+_10342094.23-P1P2	-0.142503033476	0.0170191471224	-0.139666387084	0.0295747200165
SAMD1_+_14201604.23-P1P2	-0.180869026938	0.0220383613319	-0.189627664775	0.0137734001035
SAMD1_+_14201736.23-P1P2	-0.26594117249	0.0462365955004	-0.343095817296	0.035998889835
SET_+_131451355.23-P1P2	-0.232135567944	0.0441755838082	-0.24448842491	0.0452685004848
SET_-_131451279.23-P1P2	-0.120722662791	0.0176413515893	-0.125588369208	0.0221547611115
SGK1_+_134496352.23-P1	-0.0319686873236	0.0370645997396	-0.02840595816	0.0110015340826
SGK1_-_134496214.23-P1	-0.211952543299	0.0412536313962	-0.228311210306	0.0388568908246
SLC38A2_+_46766709.23-P1P2	0.0209612333894	0.0455749523151	0.0300530531467	0.0124454268102
SLC38A2_+_46766743.23-P1P2	0.0181334784644	0.0467706095508	0.0244946060573	0.017211785662
SLC4A1_+_42345604.23-P1P2	-0.44977119069	0.0828926220795	-0.500220453701	0.0523978642075
SLC4A1_+_42345700.23-P1P2	-0.311937087834	0.0522225029081	-0.351047601026	0.0241484795033
SLC6A9_+_44497266.23-P1P2	-0.0579560064035	0.0358825126542	-0.0590161214726	0.022589100143
SLC6A9_+_44497273.23-P1P2	-0.0517008221572	0.0306738417349	-0.0462352685327	0.0163856804778
SNAI1_+_48599301.23-P1P2	-0.162301720884	0.0288115671403	-0.166383987418	0.0307945611914
SNAI1_+_48599338.23-P1P2	-0.315634203165	0.0525624363194	-0.345250601533	0.045044254325
SPI1_+_47400397.23-P1P2	-0.412604819019	0.0827710647302	-0.521962242045	0.0574167987876
SPI1_+_47400477.23-P1P2	-0.423008544799	0.0826445048068	-0.434063695961	0.0484762683373
STIL_-_47779900.23-P1P2	-0.116560589575	0.045558294558	-0.122686816955	0.0387558835437
STIL_-_47780136.23-P1P2	-0.329295546666	0.0593913345902	-0.384307920371	0.0317534231887
TBX2_+_59476912.23-P1P2	0.014810072859	0.0467030083671	0.0237879798726	0.0125235327042
TBX2_+_59477100.23-P1P2	-0.102551982124	0.0308340283199	-0.137931594159	0.0332728741427
TBX3_+_115122163.23-P1P2	-0.0380813929934	0.0320617085341	-0.0247118943679	0.0173335891268
TBX3_-_115122232.23-P1P2	-0.135399032108	0.0334950178402	-0.162434190612	0.0267373112233
TGFBR2_-_30647895.23-P1P2	-0.0383208122197	0.0391776132214	-0.0292551522046	0.0221433273424
TGFBR2_-_30647920.23-P1P2	-0.0552596088582	0.0305161672547	-0.0609174660994	0.0187751087831
TMEM173_+_138862463.23-P1P2	-0.0300096349929	0.0402320591538	-0.0260002056437	0.0231532591055
TMEM173_-_138862534.23-P1P2	-0.0058540964069	0.0462432071303	0.00215022946022	0.0218638664871
TMSB4X_+_12993106.23-P1	-0.0532022834266	0.0293120999477	-0.0431882600486	0.0173274844294
TMSB4X_+_12993114.23-P1	-0.0402703275655	0.0330352607774	-0.0357061896267	0.0141890902521
TP73_+_3568744.23-P1P2	-0.549671248545	0.113754942023	-0.605805208777	0.0490962958724
TP73_-_3568729.23-P1P2	-0.568730111282	0.115148852539	-0.613336779116	0.0588623259878
TSC22D1_-_45011354.23-P1P2	-0.100594223421	0.0225410841771	-0.0895365359562	0.0228893309714
TSC22D1_-_45011365.23-P1P2	-0.0741256971664	0.0237988866029	-0.0696078804705	0.0146162973955
UBASH3A_+_43823772.23-P1P2	-0.0930631094591	0.0287124563155	-0.096778179242	0.0182557391399
UBASH3A_-_43823838.23-P1P2	-0.0674056814124	0.0306675952007	-0.0663938944387	0.027756983155
UBASH3B_+_122526277.23-P1P2	-0.110027194349	0.0256264009952	-0.104515069264	0.0133403819601
UBASH3B_-_122526266.23-P1P2	-0.115313736335	0.0192138203157	-0.119250589791	0.0298094568814
ZBTB10_+_81398318.23-P1P2	-0.472358971342	0.0910423765506	-0.520725087047	0.0467914105323
ZBTB10_-_81398128.23-P1P2	-0.306498660865	0.0488552778453	-0.345488613017	0.0160322710015
ZBTB1_+_64970303.23-P1P2	-0.198783204143	0.0413298252551	-0.200999714063	0.0339616419438
ZBTB1_-_64971139.23-P1P2	-0.0910969454114	0.0249672755329	-0.103318972652	0.0189690484763
ZBTB25_-_64971433.23-P1P2	-0.0285979937189	0.0341952962962	-0.0164732782167	0.0145153876372
ZBTB25_-_64971449.23-P1P2	-0.10681789217	0.0231858378095	-0.111318831526	0.0259243253327
ZC3HAV1_+_138794557.23-P1P2	0.079871691483	0.0620823250774	0.0913887740209	0.0177730996045
ZC3HAV1_+_138794578.23-P1P2	0.11106001306	0.0686075008349	0.125268754227	0.0103291079195
ZNF318_+_43337335.23-P1P2	-0.0626739603527	0.0338867016626	-0.0688538988877	0.0310551978947
ZNF318_-_43337365.23-P1P2	-0.0321168713043	0.0393197300927	-0.0268698307542	0.0147399696757
negative_control_0	-0.00857450276427	0.0425280919084	0.008400280648	0.0162913639602
negative_control_1	-0.00795638796745	0.0393491639173	0.000240526159744	0.0157222722296
negative_control_10	-0.0118660945409	0.0393288832431	-0.000638988830452	0.0216715367463
negative_control_11	-0.00504299434278	0.0437223194723	0.000821495600462	0.0180823049396
negative_control_12	-0.00834809314846	0.0411448283485	-0.00465596159456	0.0134237971208
negative_control_13	-0.00192606197856	0.0428812183987	0.00935449227804	0.0188160019562
negative_control_14	-0.0170178318933	0.0388665011081	-0.0122717927785	0.0151964184417
negative_control_15	-0.00725605315865	0.0429505077759	-0.0013159577588	0.0129559754939
negative_control_2	-0.00765294407908	0.0434309577786	0.00922646070189	0.0143995481196
negative_control_3	-0.0393524260516	0.0372298406229	-0.0431668646597	0.0208041111784
negative_control_4	-0.00740182953879	0.0428330529973	0.00279801884294	0.010869434951
negative_control_5	-0.0177878736313	0.0431377647577	-0.153099574284	0.0
negative_control_6	-0.00668352315752	0.0410059153813	0.00931418915104	0.0156457128091
negative_control_7	0.0207458863763	0.0479008096109	0.0377697769078	0.0137926061324
negative_control_8	0.00217010701033	0.0439309427386	0.00113278058452	0.0198092842619
negative_control_9	-0.00753735533405	0.0422148985877	0.00460314083115	0.0223419921444
